sn	wn	word	frequency	rv100	sp100	spm	spu	len	distance	freq.class	spu.class	rv100.class
1	1	Den	NA	NA	NA	NA	1.85543	3	NA	NA	2	NA
1	2	Ton	44	197	0	6.61735	1.12957	3	NA	2	2	1
1	3	gab	338	396	0	6.58696	2.36073	3	NA	3	3	2
1	4	der	33429	429	0.04254	10.59239	2.54247	3	NA	5	3	3
1	5	Künstler	90	423	0.30674	6.54856	0.70669	8	NA	2	1	3
1	6	seinem	574	725	0.41755	6.58696	7.26465	6	NA	3	5	3
1	7	Gehilfen	NA	NA	NA	NA	0.34554	9	NA	NA	1	NA
2	1	Der	NA	NA	NA	NA	2.0456	3	NA	NA	3	NA
2	2	Hof	42	197	0	6.61735	1.0557	3	NA	2	2	1
2	3	lag	105	396	0	6.58696	2.41837	3	NA	3	3	2
2	4	weit	228	429	0.03918	10.59239	2.72162	4	NA	3	3	3
2	5	außerhalb	62	396	0.30874	4.65431	1.56521	9	NA	2	2	2
2	6	des	7866	396	0.64739	9.01627	1.34848	3	NA	4	2	2
2	7	eigentlichen	28	219	1.07372	5.85431	2.32099	12	NA	2	3	1
2	8	Dorfes	NA	NA	NA	NA	0.21109	7	NA	NA	1	NA
3	1	Die	NA	NA	NA	NA	2.0456	3	NA	NA	3	NA
3	2	Wanderer	7	197	0	6.61735	1.17345	8	NA	1	2	1
3	3	sahen	33	396	0	6.58696	2.42056	5	NA	2	3	2
3	4	Rehe	2	636	0.042	10.59239	4.55292	4	NA	1	4	3
3	5	auf	7037	372	0.20442	4.72178	1.85535	3	NA	4	2	2
3	6	einer	3165	394	0.42254	6.45806	1.46379	5	NA	4	2	2
3	7	Lichtung	2	471	0.62865	6.63445	0.70972	8	NA	1	1	3
3	8	im	6748	451	0.84244	6.58696	2.20844	2	NA	4	3	3
3	9	Wald	42	474	1.24407	6.52096	1.85588	4	NA	2	2	3
3	10	äsen	NA	NA	NA	NA	5.0694	5	NA	NA	5	NA
4	1	Den	NA	NA	NA	NA	1.85543	3	NA	NA	2	NA
4	2	Kopf	136	197	0	6.61735	1.12957	4	NA	3	2	1
4	3	hieb	2	396	0	6.58696	2.36073	4	NA	1	3	2
4	4	man	1893	636	0.03398	10.59239	7.07633	3	NA	4	5	3
4	5	früher	129	396	0.30997	5.74626	2.08536	6	NA	3	3	2
4	6	nur	2549	396	0.6099	3.53065	3.07824	3	NA	4	3	2
4	7	Mördern	3	345	1.04449	8.29413	6.17411	7	NA	1	5	2
4	8	und	23166	219	1.50579	4.50678	3.62401	3	NA	5	4	1
4	9	Verrätern	2	197	2.38772	10.51914	0.43192	9	NA	1	1	1
4	10	ab	NA	NA	NA	NA	3.3414	3	NA	NA	3	NA
5	1	Vorne	NA	NA	NA	NA	4.25708	5	NA	NA	4	NA
5	2	am	2849	197	0	6.60087	2.09767	2	NA	4	3	1
5	3	Bug	4	396	0	6.4932	2.39775	3	NA	1	3	2
5	4	sah	122	396	0.1577	6.62155	2.80057	3	NA	3	3	2
5	5	man	1893	345	0.57427	10.44692	7.11659	3	NA	4	5	2
5	6	eine	5526	197	1.2878	5.74626	2.80385	4	NA	4	3	1
5	7	prächtige	4	197	1.34885	6.48133	2.41528	9	NA	1	3	1
5	8	Galionsfigur	NA	NA	NA	NA	0.20148	13	NA	NA	1	NA
6	1	Sogar	NA	NA	NA	NA	3.75637	5	NA	NA	4	NA
6	2	aus	3768	197	0	6.60087	2.64941	3	NA	4	3	1
6	3	Raps	3	396	0	6.36081	3.1949	4	NA	1	3	2
6	4	läßt	270	427	0.15296	6.61166	2.50019	4	NA	3	3	3
6	5	sich	7603	345	0.56416	10.6244	2.09931	4	NA	4	3	2
6	6	Kraftstoff	4	345	1.0824	5.16	4.02537	10	NA	1	4	2
6	7	herstellen	NA	NA	NA	NA	6.9014	11	NA	NA	5	NA
7	1	Torsten	NA	NA	NA	NA	3.77039	7	NA	NA	4	NA
7	2	beobachtete	8	197	0	6.58823	2.40202	11	NA	1	3	1
7	3	gestern	244	396	0	10.91721	3.46627	7	NA	3	3	2
7	4	eine	5526	396	0.11771	4.85287	2.19103	4	NA	4	3	2
7	5	Maus	9	400	0.93779	6.22063	1.25718	5	NA	1	2	2
7	6	die	30483	197	1.42646	10.87625	2.81986	3	NA	5	3	1
7	7	Efeu	2	197	1.76857	6.58014	1.04939	4	NA	1	2	1
7	8	fraß	NA	NA	NA	NA	3.04727	5	NA	NA	3	NA
8	1	Der	NA	NA	NA	NA	2.0456	3	NA	NA	3	NA
8	2	schüchterne	2	197	0	6.61735	2.62851	11	NA	1	3	1
8	3	kleine	162	396	0	6.60187	4.43154	6	NA	3	4	2
8	4	Gnom	1	725	0.10553	10.99067	0.0852	4	NA	1	1	3
8	5	mied	2	394	0.74577	6.42835	2.47248	4	NA	1	3	2
8	6	die	30483	197	1.08945	14.87337	2.52365	3	NA	5	3	1
8	7	Nähe	83	372	1.06268	6.54856	0.76198	4	NA	2	1	2
8	8	der	33429	219	1.0252	6.58696	3.29814	3	NA	5	3	1
8	9	Elfen	NA	NA	NA	NA	0.65192	6	NA	NA	1	NA
9	1	Claudia	NA	NA	NA	NA	3.77039	7	NA	NA	4	NA
9	2	hatte	1531	197	0	6.58823	3.64805	5	NA	4	4	1
9	3	ihr	753	396	0	10.77865	5.34339	3	NA	3	5	2
9	4	Fahrrad	15	429	0.09924	6.23016	1.49134	7	NA	2	2	3
9	5	auf	7037	219	0.57605	6.62796	2.3763	3	NA	4	3	1
9	6	der	33429	197	1.30664	6.45806	1.53478	3	NA	5	2	1
9	7	Straße	178	197	2.04516	6.63445	0.71803	6	NA	3	1	1
9	8	stehen	302	241	1.3812	6.58696	3.79066	6	NA	3	4	1
9	9	lassen	NA	NA	NA	NA	6.99767	7	NA	NA	5	NA
10	1	Wir	NA	NA	NA	NA	4.5595	3	NA	NA	4	NA
10	2	hätten	395	197	0	6.53992	1.60151	6	NA	3	2	1
10	3	schon	1254	396	0	10.96376	2.5973	5	NA	4	3	2
10	4	vor	2556	345	0.15149	4.85287	1.80164	3	NA	4	2	2
10	5	einer	3165	345	0.73559	6.36081	1.59407	5	NA	4	2	2
10	6	Stunde	93	313	1.44294	6.63445	0.78391	6	NA	2	1	2
10	7	wissen	196	197	1.6665	6.58696	4.94334	6	NA	3	4	1
10	8	sollen	490	464	0.31493	5.42192	2.37402	7	NA	3	3	3
10	9	ob	449	197	1.04788	6.64564	2.49563	2	NA	3	3	1
10	10	ihr	753	197	1.34858	6.62379	3.19084	3	NA	3	3	1
10	11	kommt	NA	NA	NA	NA	5.2359	6	NA	NA	5	NA
11	1	Die	NA	NA	NA	NA	2.0456	3	NA	NA	3	NA
11	2	Eltern	127	197	0	6.61735	1.17345	6	NA	3	2	1
11	3	konnten	153	396	0	6.58696	4.44217	7	NA	3	4	2
11	4	ihre	1201	429	0.04806	10.68483	6.99231	4	NA	4	5	3
11	5	Kinder	316	396	0.37006	6.23016	0.35116	6	NA	3	1	2
11	6	im	6748	423	0.69915	6.62796	1.94431	2	NA	4	2	3
11	7	Garten	36	197	0.8112	6.52096	1.85822	6	NA	2	2	1
11	8	raufen	2	241	1.31623	6.62155	11.03674	6	NA	1	5	1
11	9	hören	NA	NA	NA	NA	9.20361	6	NA	NA	5	NA
12	1	Er	NA	NA	NA	NA	4.5595	2	NA	NA	4	NA
12	2	hätte	354	197	0	6.53992	1.60151	5	NA	3	2	1
12	3	nicht	7078	396	0	10.74673	5.45851	5	NA	4	5	2
12	4	auch	4982	352	0.10862	5.90474	1.94302	4	NA	4	2	2
12	5	noch	2804	345	0.66533	10.08269	3.4053	4	NA	4	3	2
12	6	am	2849	219	1.39137	9.68893	2.9103	2	NA	4	3	1
12	7	Telefon	43	197	2.30516	6.4932	1.90229	7	NA	2	2	1
12	8	nörgeln	1	197	2.42245	6.62155	3.34217	7	NA	1	3	1
12	9	sollen	NA	NA	NA	NA	5.72094	7	NA	NA	5	NA
13	1	Wegen	NA	NA	NA	NA	2.60437	5	NA	NA	3	NA
13	2	ihrer	750	197	0	6.59812	5.1222	5	NA	3	5	1
13	3	Diät	3	396	0	6.59818	0.77337	4	NA	1	1	2
13	4	hatte	1531	396	0.17774	6.62796	2.54981	5	NA	4	3	2
13	5	die	30483	378	0.55137	12.02535	1.59664	3	NA	5	2	2
13	6	Gräfin	8	345	1.44875	6.62023	0.6636	6	NA	1	1	2
13	7	leider	57	219	1.06576	6.58696	3.59277	6	NA	2	4	1
13	8	keine	900	197	1.18601	9.02409	5.3183	5	NA	3	5	1
13	9	Auster	2	197	1.41957	13.63015	2.09572	6	NA	1	3	1
13	10	nehmen	193	241	2.50285	6.498	4.14837	6	NA	3	4	1
13	11	dürfen	NA	NA	NA	NA	6.69433	7	NA	NA	5	NA
14	1	Die	NA	NA	NA	NA	2.0456	3	NA	NA	3	NA
14	2	meisten	195	197	0	6.61735	5.02372	7	NA	3	4	1
14	3	Hamster	2	396	0	9.25623	2.41534	7	NA	1	3	2
14	4	bleiben	230	396	0.12229	6.498	2.1172	7	NA	3	3	2
14	5	bei	2956	429	0.40505	9.88174	2.67724	3	NA	4	3	3
14	6	Tag	267	197	0.74272	6.55093	1.98412	3	NA	3	2	1
14	7	in	17286	168	1.0658	6.61166	1.29947	2	NA	5	2	1
14	8	ihrem	358	219	0.86213	6.45806	6.00971	5	NA	3	5	1
14	9	Häuschen	NA	NA	NA	NA	0.44396	9	NA	NA	1	NA
15	1	Man	NA	NA	NA	NA	3.63104	3	NA	NA	4	NA
15	2	sollte	371	197	0	6.26449	4.38105	6	NA	3	4	1
15	3	nie	254	396	0	10.25031	2.74248	3	NA	3	3	2
15	4	Geschirr	4	352	0.11713	5.96582	4.78794	8	NA	1	4	2
15	5	mit	8136	197	0.59426	4.50678	2.40072	3	NA	4	3	1
15	6	einem	2567	197	1.19404	6.45806	1.07143	5	NA	4	2	1
15	7	dreckigen	2	197	2.66276	6.63445	2.45258	9	NA	1	3	1
15	8	Lappen	3	396	1.95622	6.60187	0.20105	6	NA	1	1	2
15	9	spülen	2	219	1.08085	6.42835	6.03039	6	NA	1	5	1
15	10	müssen	NA	NA	NA	NA	5.73259	7	NA	NA	5	NA
16	1	Man	NA	NA	NA	NA	3.63104	3	NA	NA	4	NA
16	2	kann	1297	197	0	6.26449	4.38105	4	NA	4	4	1
16	3	Spargel	3	396	0	10.25031	4.60347	7	NA	1	4	2
16	4	dämpfen	4	636	0.11748	6.44739	3.52801	7	NA	1	4	3
16	5	oder	2171	372	0.84362	4.19821	3.70544	4	NA	4	4	2
16	6	in	17286	197	1.67381	10.91359	1.26621	2	NA	5	2	1
16	7	viel	430	197	2.12291	6.58528	4.06229	4	NA	3	4	1
16	8	Wasser	131	219	2.28926	6.42414	2.72555	6	NA	3	3	1
16	9	kochen	NA	NA	NA	NA	2.75981	7	NA	NA	3	NA
17	1	Manchmal	NA	NA	NA	NA	3.75637	8	NA	NA	4	NA
17	2	sagen	232	197	0	6.60087	2.14766	5	NA	3	3	1
17	3	Opfer	132	396	0	10.75555	4.30086	5	NA	3	4	2
17	4	vor	2556	345	0.12446	4.72178	1.56745	3	NA	4	2	2
17	5	Gericht	119	345	0.49052	6.45806	2.77653	7	NA	3	3	2
17	6	nicht	7078	372	0.73547	6.61166	6.96064	5	NA	4	5	2
17	7	die	30483	394	1.04851	8.62977	4.06408	3	NA	5	4	2
17	8	volle	29	345	1.65298	6.24185	2.18392	5	NA	2	3	2
17	9	Wahrheit	NA	NA	NA	NA	0.324	9	NA	NA	1	NA
18	1	Die	NA	NA	NA	NA	2.0456	3	NA	NA	3	NA
18	2	meisten	195	197	0	6.61735	5.02372	7	NA	3	4	1
18	3	Befragten	13	396	0	9.25623	2.41534	9	NA	2	3	2
18	4	hören	84	396	0.11294	6.498	2.1172	5	NA	2	3	2
18	5	Musik	205	429	0.3998	9.88174	5.26088	5	NA	3	5	3
18	6	zur	2034	219	0.85079	4.72178	3.82216	3	NA	4	4	1
18	7	Entspannung	NA	NA	NA	NA	1.18794	12	NA	NA	2	NA
19	1	Kinder	NA	NA	NA	NA	4.25708	6	NA	NA	4	NA
19	2	essen	22	197	0	6.63596	2.23236	5	NA	2	3	1
19	3	Quark	2	396	0	10.9818	2.61111	5	NA	1	3	2
19	4	am	2849	738	0.04804	4.72178	2.22164	2	NA	4	3	3
19	5	liebsten	25	394	0.27443	8.35406	3.45022	8	NA	2	3	2
19	6	mit	8136	655	0.33619	9.37216	5.26349	3	NA	4	5	3
19	7	Früchten	NA	NA	NA	NA	2.93856	9	NA	NA	3	NA
20	1	Bei	NA	NA	NA	NA	3.15662	3	NA	NA	3	NA
20	2	Wölfen	2	197	0	6.59812	1.71216	6	NA	1	2	1
20	3	leben	127	396	0	6.61166	2.40451	5	NA	3	3	2
20	4	Rudel	3	345	0.14523	10.6244	4.09225	5	NA	1	4	2
20	5	nicht	7078	372	0.43311	4.72178	7.121	5	NA	4	5	2
20	6	verwandter	2	394	0.86805	8.59877	7.37557	10	NA	1	5	2
20	7	Tiere	54	444	1.1251	9.42598	0.94272	5	NA	2	1	3
20	8	in	17286	364	1.71433	6.42835	1.5269	2	NA	5	2	2
20	9	getrennten	6	326	1.76313	6.45806	3.34368	10	NA	1	3	2
20	10	Revieren	NA	NA	NA	NA	0.22135	9	NA	NA	1	NA
21	1	Die	NA	NA	NA	NA	2.0456	3	NA	NA	3	NA
21	2	Frauen	351	197	0	6.61735	1.17345	6	NA	3	2	1
21	3	in	17286	396	0	6.58696	1.81478	2	NA	5	2	2
21	4	den	12013	396	0.08621	6.45806	1.64526	3	NA	5	2	2
21	5	Andendörfern	1	381	0.4066	6.63445	1.41604	12	NA	1	2	2
21	6	weben	2	486	0.7688	6.58696	2.83201	5	NA	1	3	3
21	7	Stoff	27	319	0.81278	10.59239	4.7316	5	NA	2	4	2
21	8	noch	2804	190	0.87109	4.72178	2.77655	4	NA	4	3	1
21	9	auf	7037	443	1.17398	8.18307	2.91945	3	NA	4	3	3
21	10	traditionellen	36	219	1.23283	6.36081	4.29263	14	NA	2	4	1
21	11	Webstühlen	NA	NA	NA	NA	0.23269	11	NA	NA	1	NA
22	1	Die	NA	NA	NA	NA	2.0456	3	NA	NA	3	NA
22	2	Platzwarte	1	197	0	6.61735	1.17345	10	NA	1	2	1
22	3	ebnen	4	396	0	6.58696	2.39922	5	NA	1	3	2
22	4	Stück	129	636	0.042	10.59239	4.57382	5	NA	3	4	3
22	5	für	6680	372	0.20357	4.72178	2.26734	3	NA	4	3	2
22	6	Stück	129	394	0.37228	6.45806	2.41932	5	NA	3	3	2
22	7	den	12013	398	0.59466	6.61166	3.07332	3	NA	5	3	2
22	8	Rasen	13	732	0.82357	6.56709	1.1648	5	NA	2	2	3
22	9	nach	3365	674	1.14433	6.58696	1.71952	4	NA	4	2	3
22	10	dem	6578	338	1.3968	6.45806	1.92061	3	NA	4	2	2
22	11	Spiel	NA	NA	NA	NA	0.71921	6	NA	NA	1	NA
23	1	In	NA	NA	NA	NA	2.42343	2	NA	NA	3	NA
23	2	den	12013	197	0	6.59812	1.31155	3	NA	5	2	1
23	3	Fässern	2	396	0	6.63445	1.382	7	NA	1	2	2
23	4	gären	1	406	0.1491	6.58696	2.47477	5	NA	1	3	3
23	5	Beize	1	378	0.34733	10.59239	2.68131	5	NA	1	3	2
23	6	und	23166	219	0.68821	4.72178	4.06947	3	NA	5	4	1
23	7	Lauge	NA	NA	NA	NA	0.53892	6	NA	NA	1	NA
24	1	Die	NA	NA	NA	NA	2.0456	3	NA	NA	3	NA
24	2	Förster	7	197	0	6.61735	1.0557	7	NA	1	2	1
24	3	küren	2	396	0	6.58696	8.4457	5	NA	1	5	2
24	4	Ahorn	2	636	0.042	10.59239	10.17023	5	NA	1	5	3
24	5	zum	2402	423	0.21892	4.72178	4.99028	3	NA	4	4	3
24	6	Baum	23	394	0.48506	6.52096	0.51277	4	NA	2	1	2
24	7	des	7866	398	0.65649	6.62155	2.94745	3	NA	4	3	2
24	8	Jahres	NA	NA	NA	NA	1.1748	7	NA	NA	2	NA
25	1	Wolfgangs	NA	NA	NA	NA	3.77039	9	NA	NA	4	NA
25	2	Töchter	14	197	0	6.58823	5.57724	7	NA	2	5	1
25	3	studieren	16	474	0	4.0953	2.53126	9	NA	2	3	3
25	4	Literatur	97	394	0.16129	15.42982	4.48301	9	NA	2	4	2
25	5	und	23166	398	0.37251	4.72178	3.12945	3	NA	5	3	2
25	6	Maschinenbau	NA	NA	NA	NA	0.28709	13	NA	NA	1	NA
26	1	In	NA	NA	NA	NA	2.42343	2	NA	NA	3	NA
26	2	der	33429	197	0	6.59812	2.01459	3	NA	5	3	1
26	3	Klosterschule	1	396	0	6.63445	0.71883	13	NA	1	1	2
26	4	herrschen	11	406	0.1491	6.58696	2.66716	9	NA	2	3	3
26	5	Schwester	31	378	0.34795	10.59239	4.09469	9	NA	2	4	2
26	6	Agathe	2	219	0.64557	4.64647	3.15602	6	NA	1	3	1
26	7	und	23166	505	0.8753	8.91999	5.88714	3	NA	5	5	3
26	8	Schwester	31	443	1.04575	10.55579	3.64049	9	NA	2	4	3
26	9	Maria	NA	NA	NA	NA	3.75425	6	NA	NA	4	NA
27	1	Hier	NA	NA	NA	NA	3.75637	4	NA	NA	4	NA
27	2	scheinen	48	197	0	6.60087	2.14766	8	NA	2	3	1
27	3	Klempner	2	396	0	10.75555	4.30086	8	NA	1	4	2
27	4	am	2849	345	0.1362	4.72178	1.33974	2	NA	4	2	2
27	5	Werk	125	345	0.57993	6.52096	2.33178	4	NA	3	3	2
27	6	zu	9469	687	0.69213	6.62155	1.51802	2	NA	4	2	3
27	7	sein	NA	NA	NA	NA	5.4695	5	NA	NA	5	NA
28	1	Im	NA	NA	NA	NA	5.4502	2	NA	NA	5	NA
28	2	Aussehen	8	197	0	6.47945	0.47813	8	NA	1	1	1
28	3	gleichen	123	396	0	6.62155	2.20788	8	NA	3	3	2
28	4	Bratsche	2	345	0.17164	10.44692	2.98105	8	NA	1	3	2
28	5	und	23166	372	0.42535	4.72178	3.96537	3	NA	5	4	2
28	6	Geige	6	394	0.79058	10.7058	0.36948	5	NA	1	1	2
28	7	sich	7603	398	0.905	5.71098	8.40594	4	NA	4	5	2
28	8	sehr	NA	NA	NA	NA	2.78546	5	NA	NA	3	NA
29	1	Angeblich	NA	NA	NA	NA	5.93124	9	NA	NA	5	NA
29	2	flunkern	1	197	0	6.5047	2.06822	8	NA	1	3	1
29	3	Künstler	90	396	0	10.9603	4.45284	8	NA	2	4	2
29	4	oft	232	345	0.15543	4.72178	3.64703	3	NA	3	4	2
29	5	bezüglich	19	345	0.69131	8.18307	2.94967	9	NA	2	3	2
29	6	ihrer	750	345	0.898	6.36081	4.56454	5	NA	3	4	2
29	7	Einnahmen	NA	NA	NA	NA	0.71246	10	NA	NA	1	NA
30	1	Manchmal	NA	NA	NA	NA	3.75637	8	NA	NA	4	NA
30	2	krakeelen	1	197	0	6.60087	2.14766	9	NA	1	3	1
30	3	Politiker	120	396	0	10.75555	4.30086	9	NA	3	4	2
30	4	genauso	49	345	0.13549	4.72178	4.01398	7	NA	2	4	2
30	5	wie	3070	372	0.66554	8.18307	6.34078	3	NA	4	5	2
30	6	Demonstranten	NA	NA	NA	NA	3.45521	14	NA	NA	3	NA
31	1	Die	NA	NA	NA	NA	2.0456	3	NA	NA	3	NA
31	2	Armen	24	197	0	6.61735	1.17345	5	NA	2	2	1
31	3	plündern	2	396	0	6.58696	2.26605	8	NA	1	3	2
31	4	Speicher	5	636	0.042	10.59239	4.56282	8	NA	1	4	3
31	5	und	23166	423	0.22855	4.72178	3.15136	3	NA	5	3	3
31	6	Vorratskeller	1	394	0.53193	10.7058	0.27029	13	NA	1	1	2
31	7	der	33429	398	0.62933	5.71098	5.11175	3	NA	5	5	2
31	8	reichen	46	474	1.22993	6.56709	2.13467	7	NA	2	3	3
31	9	Bauern	NA	NA	NA	NA	0.20188	7	NA	NA	1	NA
32	1	Die	NA	NA	NA	NA	2.0456	3	NA	NA	3	NA
32	2	Richter	102	197	0	6.61735	1.0557	7	NA	3	2	1
32	3	der	33429	396	0	6.58696	3.54438	3	NA	5	4	2
32	4	Landwirtschaftsschau	1	738	0.10788	6.56709	0.65401	20	NA	1	1	3
32	5	prämieren	1	527	0.35247	6.58696	7.95153	9	NA	1	5	3
32	6	Rhabarber	1	449	0.44331	10.59239	10.49802	9	NA	1	5	3
32	7	und	23166	241	0.65036	4.72178	1.9665	3	NA	5	2	1
32	8	Mangold	NA	NA	NA	NA	0.20367	8	NA	NA	1	NA
33	1	Schon	NA	NA	NA	NA	3.75637	5	NA	NA	4	NA
33	2	immer	1046	197	0	6.60087	3.59965	5	NA	4	4	1
33	3	war	2482	474	0	10.12114	3.13222	3	NA	4	3	3
33	4	der	33429	445	0.14258	10.57368	1.56623	3	NA	5	2	3
33	5	Besitz	42	345	0.79788	6.62023	0.78734	6	NA	2	1	2
33	6	von	10177	197	1.30046	6.58696	1.92019	3	NA	5	2	1
33	7	Land	646	197	0.98346	6.45806	1.62322	4	NA	3	2	1
33	8	sehr	571	219	1.58498	6.61166	4.00993	4	NA	3	4	1
33	9	wichtig	NA	NA	NA	NA	3.49764	8	NA	NA	4	NA
34	1	Ein	NA	NA	NA	NA	2.60888	3	NA	NA	3	NA
34	2	berühmter	6	197	0	6.61735	2.12345	9	NA	1	3	1
34	3	Maler	36	396	0	6.60187	0.20133	5	NA	2	1	2
34	4	hat	3572	396	0.1061	6.42835	2.69088	3	NA	4	3	2
34	5	sich	7603	429	0.39166	14.94408	4.37388	4	NA	4	4	3
34	6	selbst	713	396	1.05101	5.82734	2.6532	6	NA	3	3	2
34	7	ein	5821	345	1.34093	4.27103	1.9785	3	NA	4	2	2
34	8	Ohr	19	423	1.40107	5.85431	2.85362	3	NA	2	3	3
34	9	abgeschnitten	NA	NA	NA	NA	2.20825	14	NA	NA	3	NA
35	1	Das	NA	NA	NA	NA	2.47204	3	NA	NA	3	NA
35	2	Pferd	17	197	0	6.61735	0.78317	5	NA	2	1	1
35	3	ist	6985	396	0	6.58696	2.69387	3	NA	4	3	2
35	4	seinem	574	429	0.04806	10.68483	6.60054	6	NA	3	5	3
35	5	Reiter	15	396	0.37006	6.23016	0.34104	6	NA	2	1	2
35	6	auf	7037	423	0.73265	6.62796	2.27404	3	NA	4	3	3
35	7	den	12013	197	0.97095	6.45806	1.19735	3	NA	5	2	1
35	8	Fuß	45	219	1.31618	6.63445	0.86526	3	NA	2	1	1
35	9	getreten	NA	NA	NA	NA	3.87291	9	NA	NA	4	NA
36	1	Kein	NA	NA	NA	NA	7.0255	4	NA	NA	5	NA
36	2	einziges	25	197	0	5.95961	2.48395	8	NA	2	3	1
36	3	Tor	56	396	0	5.44533	0.29354	3	NA	2	1	2
36	4	fiel	68	396	0.16097	6.42835	2.17441	4	NA	2	3	2
36	5	im	6748	606	0.4735	14.03257	2.07592	2	NA	4	3	3
36	6	gestrigen	18	345	1.03211	6.52783	3.42179	9	NA	2	3	2
36	7	Spiel	NA	NA	NA	NA	0.20634	6	NA	NA	1	NA
37	1	Der	NA	NA	NA	NA	2.0456	3	NA	NA	3	NA
37	2	Skandal	20	197	0	6.61735	1.17345	7	NA	2	2	1
37	3	hat	3572	396	0	6.58696	2.72814	3	NA	4	3	2
37	4	dem	6578	429	0.05605	10.68483	2.59559	3	NA	4	3	3
37	5	Ruf	46	423	0.34689	6.62023	0.68364	3	NA	2	1	3
37	6	des	7866	423	0.67041	6.58696	2.76736	3	NA	4	3	3
37	7	Politikers	5	680	0.82395	6.56709	1.17194	10	NA	1	2	3
37	8	deutlich	203	505	1.05631	6.58696	4.80956	8	NA	3	4	3
37	9	geschadet	NA	NA	NA	NA	3.41872	10	NA	NA	3	NA
38	1	Als	NA	NA	NA	NA	2.32348	3	NA	NA	3	NA
38	2	Kapitalanlage	2	197	0	6.59812	2.91864	13	NA	1	3	1
38	3	ist	6985	396	0	6.61166	3.23233	3	NA	4	3	2
38	4	Gold	41	345	0.17411	10.18502	2.8719	4	NA	2	3	2
38	5	nicht	7078	372	0.60855	6.05124	6.66378	5	NA	4	5	2
38	6	zu	9469	394	1.12119	9.25548	1.10309	2	NA	4	2	2
38	7	empfehlen	NA	NA	NA	NA	3.66708	10	NA	NA	4	NA
39	1	Markus	NA	NA	NA	NA	3.77039	6	NA	NA	4	NA
39	2	klettert	3	197	0	6.58823	2.43491	8	NA	1	3	1
39	3	gern	82	396	0	10.91721	3.43464	4	NA	2	3	2
39	4	auf	7037	345	0.13046	4.85287	1.44405	3	NA	4	2	2
39	5	den	12013	345	0.70896	6.36081	1.43979	3	NA	5	2	2
39	6	alten	263	345	1.45562	6.63445	2.28838	5	NA	3	3	2
39	7	Baum	23	498	1.67451	6.60187	0.17519	4	NA	2	1	3
39	8	im	6748	219	1.4406	6.42835	2.64694	2	NA	4	3	1
39	9	Garten	NA	NA	NA	NA	1.85772	7	NA	NA	2	NA
40	1	Sarah	NA	NA	NA	NA	3.77039	5	NA	NA	4	NA
40	2	hat	3572	197	0	6.58823	3.64805	3	NA	4	4	1
40	3	ihrem	358	396	0	10.77865	6.5199	5	NA	3	5	2
40	4	Opa	4	429	0.10588	6.23016	0.3468	3	NA	1	1	3
40	5	ein	5821	616	0.49571	6.62796	4.29531	3	NA	4	4	3
40	6	Bild	225	445	1.51341	6.56709	2.16416	4	NA	3	3	3
40	7	gemalt	NA	NA	NA	NA	3.68656	7	NA	NA	4	NA
41	1	Medizinisch	NA	NA	NA	NA	3.86383	11	NA	NA	4	NA
41	2	gesehen	108	197	0	6.5047	6.47888	7	NA	3	5	1
41	3	ist	6985	396	0	9.9985	2.95868	3	NA	4	3	2
41	4	das	8502	474	0.09683	10.87259	2.299	3	NA	4	3	3
41	5	Herz	52	394	0.87043	6.62023	1.02189	4	NA	2	2	2
41	6	ein	5821	197	1.37197	6.58696	2.32208	3	NA	4	3	1
41	7	Hohlmuskel	NA	NA	NA	NA	1.40386	11	NA	NA	2	NA
42	1	Jede	NA	NA	NA	NA	5.93747	4	NA	NA	5	NA
42	2	Sprache	124	197	0	5.95961	1.32205	7	NA	3	2	1
42	3	der	33429	396	0	6.498	4.92091	3	NA	5	4	2
42	4	Welt	480	636	0.16303	6.56709	0.56188	4	NA	3	1	3
42	5	besitzt	40	522	0.548	6.58696	2.81296	7	NA	2	3	3
42	6	eine	5526	382	0.76202	10.59239	2.29662	4	NA	4	3	2
42	7	Grammatik	NA	NA	NA	NA	0.68739	10	NA	NA	1	NA
43	1	Unsere	NA	NA	NA	NA	6.58385	6	NA	NA	5	NA
43	2	Küche	28	197	0	6.0757	0.34773	5	NA	2	1	1
43	3	müßte	78	396	0	6.62796	3.9983	5	NA	2	4	2
43	4	dringend	40	429	0.1313	12.1271	4.61929	8	NA	2	4	3
43	5	neu	155	396	0.8071	6.41467	4.82019	3	NA	3	4	2
43	6	gestrichen	22	423	1.44363	10.13507	1.9773	10	NA	2	2	3
43	7	werden	NA	NA	NA	NA	4.02377	7	NA	NA	4	NA
44	1	Der	NA	NA	NA	NA	2.0456	3	NA	NA	3	NA
44	2	Politiker	120	197	0	6.61735	1.17345	9	NA	3	2	1
44	3	reagierte	22	396	0	6.58696	2.42056	9	NA	2	3	2
44	4	auf	7037	429	0.05627	10.59239	1.5833	3	NA	4	2	3
44	5	keine	900	396	0.2357	6.55093	5.40761	5	NA	3	5	2
44	6	Frage	389	345	0.5358	6.42414	1.47551	5	NA	3	2	2
44	7	der	33429	372	0.69052	6.498	3.44206	3	NA	5	3	2
44	8	Journalisten	NA	NA	NA	NA	0.65472	13	NA	NA	1	NA
45	1	Die	NA	NA	NA	NA	2.0456	3	NA	NA	3	NA
45	2	Insel	59	197	0	6.61735	1.17345	5	NA	2	2	1
45	3	ist	6985	396	0	6.58696	2.72814	3	NA	4	3	2
45	4	nur	2549	429	0.0602	10.68483	2.90281	3	NA	4	3	3
45	5	mit	8136	396	0.37051	5.96942	1.76135	3	NA	4	2	2
45	6	dem	6578	345	0.81582	6.36081	1.94276	3	NA	4	2	2
45	7	Flugzeug	25	219	1.12776	6.63445	0.71602	8	NA	2	1	1
45	8	zu	9469	474	0.86026	6.58696	1.92948	2	NA	4	2	3
45	9	erreichen	NA	NA	NA	NA	4.18389	10	NA	NA	4	NA
46	1	Es	NA	NA	NA	NA	4.5595	2	NA	NA	4	NA
46	2	sollte	371	197	0	6.53992	2.99149	6	NA	3	3	1
46	3	mehr	1792	396	0	10.41565	1.94074	4	NA	4	2	2
46	4	Strom	42	352	0.11688	5.64475	4.46807	5	NA	2	4	2
46	5	mit	8136	197	0.57641	6.498	1.86488	3	NA	4	2	1
46	6	Solarenergie	3	197	1.08582	6.45806	2.83189	12	NA	1	3	1
46	7	erzeugt	19	219	2.04686	6.61166	3.54912	7	NA	2	4	1
46	8	werden	NA	NA	NA	NA	3.98982	7	NA	NA	4	NA
47	1	Die	NA	NA	NA	NA	2.0456	3	NA	NA	3	NA
47	2	monotone	2	197	0	6.61735	2.62851	8	NA	1	3	1
47	3	Arbeit	323	396	0	6.60187	0.20275	6	NA	3	1	2
47	4	machte	146	396	0.11075	6.42835	2.39904	6	NA	3	3	2
47	5	den	12013	345	0.41178	14.76726	2.38967	3	NA	5	3	2
47	6	Angestellten	26	372	0.79071	6.54856	0.8944	12	NA	2	1	2
47	7	keinen	266	423	0.76994	6.58696	7.38122	6	NA	3	5	3
47	8	Spaß	NA	NA	NA	NA	0.79558	5	NA	NA	1	NA
48	1	In	NA	NA	NA	NA	2.42343	2	NA	NA	3	NA
48	2	dem	6578	197	0	6.59812	2.01459	3	NA	4	3	1
48	3	kleinen	201	396	0	6.63445	2.11387	7	NA	3	3	2
48	4	Zimmer	44	406	0.12283	6.60187	0.20439	6	NA	2	1	3
48	5	standen	63	269	0.72342	6.42835	2.43947	7	NA	2	3	2
48	6	viel	430	345	0.9697	14.76726	3.32988	4	NA	3	3	2
48	7	zu	9469	197	1.27119	4.85287	2.25655	2	NA	4	3	1
48	8	viele	402	345	1.2056	9.23581	5.10435	5	NA	3	5	2
48	9	Möbel	NA	NA	NA	NA	1.13615	6	NA	NA	2	NA
49	1	Das	NA	NA	NA	NA	2.47204	3	NA	NA	3	NA
49	2	Fenster	49	197	0	6.61735	0.78317	7	NA	2	1	1
49	3	im	6748	396	0	6.58696	2.76816	2	NA	4	3	2
49	4	Flur	8	396	0.0999	6.52096	1.85586	4	NA	1	2	2
49	5	klemmt	2	483	0.3594	6.62155	2.68305	6	NA	1	3	3
49	6	seit	789	394	0.7813	10.44692	2.40662	4	NA	3	3	2
49	7	ein	5821	219	0.83045	6.55093	1.09221	3	NA	4	2	1
49	8	paar	151	423	1.26831	6.63445	7.26167	4	NA	3	5	3
49	9	Tagen	NA	NA	NA	NA	0.62333	6	NA	NA	1	NA
50	1	Die	NA	NA	NA	NA	2.0456	3	NA	NA	3	NA
50	2	Sekretärin	8	197	0	6.61735	1.17345	10	NA	1	2	1
50	3	informierte	8	396	0	6.58696	2.32161	11	NA	1	3	2
50	4	den	12013	429	0.04254	10.59239	2.43822	3	NA	5	3	3
50	5	Kanzler	45	423	0.31427	6.54856	0.90248	7	NA	2	1	3
50	6	erst	508	423	0.49415	6.58696	4.4322	4	NA	3	4	3
50	7	am	2849	445	0.74864	9.02409	1.58503	2	NA	4	2	3
50	8	nächsten	245	396	1.17581	6.4932	3.13675	8	NA	3	3	2
50	9	Morgen	NA	NA	NA	NA	0.19806	7	NA	NA	1	NA
51	1	Vielleicht	NA	NA	NA	NA	3.75637	10	NA	NA	4	NA
51	2	gibt	748	197	0	6.60087	2.15541	4	NA	3	3	1
51	3	es	4589	396	0	10.75555	1.65516	2	NA	4	2	2
51	4	bald	150	396	0.12631	5.43487	2.89752	4	NA	3	3	2
51	5	im	6748	423	0.74552	4.27103	1.69511	2	NA	4	2	3
51	6	Dezember	181	197	1.3265	6.4932	1.84647	8	NA	3	2	1
51	7	Ostereier	2	197	2.132	6.62155	5.3638	9	NA	1	5	1
51	8	zu	9469	219	2.07084	3.94882	1.78275	2	NA	4	2	1
51	9	kaufen	NA	NA	NA	NA	7.61038	7	NA	NA	5	NA
52	1	Das	NA	NA	NA	NA	2.47204	3	NA	NA	3	NA
52	2	kleine	162	197	0	6.61735	2.25981	6	NA	3	3	1
52	3	Unternehmen	381	396	0	6.60187	0.20136	11	NA	3	1	2
52	4	konnte	367	396	0.10186	6.42835	4.40824	6	NA	3	4	2
52	5	sich	7603	636	0.30788	13.93322	3.39564	4	NA	4	3	3
52	6	die	30483	345	1.60372	6.02611	3.37969	3	NA	5	3	2
52	7	teure	19	219	1.59511	6.47281	2.26266	5	NA	2	3	1
52	8	Maschine	29	474	1.23349	6.60187	0.2013	8	NA	2	1	3
52	9	nicht	7078	219	1.61143	6.42835	3.47224	5	NA	4	3	1
52	10	leisten	NA	NA	NA	NA	6.4252	8	NA	NA	5	NA
53	1	Der	NA	NA	NA	NA	2.0456	3	NA	NA	3	NA
53	2	Franzose	10	197	0	6.61735	1.17345	8	NA	2	2	1
53	3	gewann	52	396	0	6.58696	2.42056	6	NA	2	3	2
53	4	gegen	1429	429	0.05892	10.59239	1.5833	5	NA	4	2	3
53	5	den	12013	396	0.2053	6.55093	1.42395	3	NA	5	2	2
53	6	Belgier	NA	NA	NA	NA	1.00394	8	NA	NA	1	NA
54	1	Jan	NA	NA	NA	NA	3.77039	3	NA	NA	4	NA
54	2	hat	3572	197	0	6.58823	3.64805	3	NA	4	4	1
54	3	sich	7603	396	0	10.77865	4.66521	4	NA	4	4	2
54	4	zum	2402	396	0.01456	6.50252	3.81377	3	NA	4	4	2
54	5	dritten	87	396	0.18285	6.30558	2.60769	7	NA	2	3	2
54	6	Mal	159	396	0.64252	6.44391	0.15853	3	NA	3	1	2
54	7	die	30483	372	1.06415	6.42835	3.96194	3	NA	5	4	2
54	8	Schulter	16	445	1.25111	6.56709	0.68444	8	NA	2	1	3
54	9	ausgekugelt	NA	NA	NA	NA	2.8378	12	NA	NA	3	NA
55	1	Der	NA	NA	NA	NA	2.0456	3	NA	NA	3	NA
55	2	Bischof	29	197	0	6.61735	1.17345	7	NA	2	2	1
55	3	erschien	42	396	0	6.58696	2.42056	8	NA	2	3	2
55	4	mit	8136	429	0.05627	10.59239	1.40225	3	NA	4	2	3
55	5	seinem	574	396	0.23661	6.55093	5.66747	6	NA	3	5	2
55	6	neuen	663	345	0.58353	6.59818	2.41892	5	NA	3	3	2
55	7	Sekretär	15	355	0.78917	6.37629	0.16824	8	NA	2	1	2
55	8	auf	7037	616	1.00551	6.42835	1.69247	3	NA	4	2	3
55	9	der	33429	219	1.39194	6.45806	1.725	3	NA	5	2	1
55	10	Konferenz	NA	NA	NA	NA	0.71847	10	NA	NA	1	NA
56	1	Das	NA	NA	NA	NA	2.47204	3	NA	NA	3	NA
56	2	Schicksal	56	197	0	6.61735	0.78317	9	NA	2	1	1
56	3	führte	96	396	0	6.58696	2.40858	6	NA	2	3	2
56	4	die	30483	429	0.04254	10.59239	2.47883	3	NA	5	3	3
56	5	Freunde	64	423	0.31427	6.54856	0.76193	7	NA	2	1	3
56	6	wieder	1101	423	0.49415	6.58696	3.05916	6	NA	4	3	3
56	7	zusammen	NA	NA	NA	NA	3.72698	9	NA	NA	4	NA
57	1	Vor	NA	NA	NA	NA	3.15662	3	NA	NA	3	NA
57	2	Gericht	119	197	0	6.59812	2.43514	7	NA	3	3	1
57	3	wurde	1634	396	0	6.61166	2.9141	5	NA	4	3	2
57	4	die	30483	345	0.17385	10.18502	1.56503	3	NA	5	2	2
57	5	Situation	133	396	0.61528	6.62023	0.76343	9	NA	3	1	2
57	6	nachgestellt	NA	NA	NA	NA	5.72341	13	NA	NA	5	NA
58	1	Das	NA	NA	NA	NA	2.47204	3	NA	NA	3	NA
58	2	Wetter	35	197	0	6.61735	0.68564	6	NA	2	1	1
58	3	im	6748	396	0	6.58696	2.84037	2	NA	4	3	2
58	4	September	206	396	0.0999	6.52096	1.85877	9	NA	3	2	2
58	5	spielte	47	483	0.34716	6.62155	2.68603	7	NA	2	3	3
58	6	verrückt	NA	NA	NA	NA	4.89302	9	NA	NA	4	NA
59	1	Die	NA	NA	NA	NA	2.0456	3	NA	NA	3	NA
59	2	diesjährige	7	197	0	6.61735	2.62851	11	NA	1	3	1
59	3	Konferenz	64	396	0	6.60187	0.20275	9	NA	2	1	2
59	4	der	33429	396	0.08538	6.42835	3.78466	3	NA	5	4	2
59	5	Wissenschaftler	53	423	0.5223	6.56709	0.65465	15	NA	2	1	3
59	6	dauerte	17	527	1.01832	6.58696	2.86766	7	NA	2	3	3
59	7	vier	403	449	0.7773	10.59239	6.48523	4	NA	3	5	3
59	8	Tage	NA	NA	NA	NA	0.97782	5	NA	NA	1	NA
60	1	Der	NA	NA	NA	NA	2.0456	3	NA	NA	3	NA
60	2	Hirte	2	197	0	6.61735	1.17345	5	NA	1	2	1
60	3	wanderte	4	396	0	6.58696	2.42056	8	NA	1	3	2
60	4	mehrere	129	429	0.03918	10.59239	4.76694	7	NA	3	4	3
60	5	Kilometer	103	345	0.30453	6.14262	0.54061	9	NA	3	1	2
60	6	durch	1880	423	0.50675	6.498	1.49002	5	NA	4	2	3
60	7	die	30483	197	0.88236	6.45806	1.92204	3	NA	5	2	1
60	8	Wüste	NA	NA	NA	NA	0.76031	6	NA	NA	1	NA
61	1	Yvonne	NA	NA	NA	NA	3.77039	6	NA	NA	4	NA
61	2	trat	68	197	0	6.58823	2.43491	4	NA	2	3	1
61	3	unglücklicherweise	2	396	0	10.91721	3.43464	18	NA	1	3	2
61	4	auf	7037	345	0.13046	6.64564	1.44405	3	NA	4	2	2
61	5	eine	5526	345	0.7199	6.64564	1.22805	4	NA	4	2	2
61	6	Tube	2	313	1.27868	6.63445	0.63969	4	NA	1	1	2
61	7	Klebstoff	NA	NA	NA	NA	4.70153	10	NA	NA	4	NA
62	1	Manuela	NA	NA	NA	NA	3.77039	7	NA	NA	4	NA
62	2	reagiert	33	197	0	6.58823	2.42912	8	NA	2	3	1
62	3	auf	7037	396	0	10.91721	1.63468	3	NA	4	2	2
62	4	Senf	3	345	0.11399	6.55093	2.9176	4	NA	1	3	2
62	5	allergisch	NA	NA	NA	NA	6.29902	11	NA	NA	5	NA
63	1	Martins	NA	NA	NA	NA	3.77039	7	NA	NA	4	NA
63	2	gebrochener	2	197	0	6.58823	7.87304	11	NA	1	5	1
63	3	Zeh	2	396	0	10.12827	0.38137	3	NA	1	1	2
63	4	schwoll	2	423	0.15507	6.42835	2.588	7	NA	1	3	3
63	5	rasch	49	394	0.53033	14.75461	4.82181	5	NA	2	4	2
63	6	an	NA	NA	NA	NA	1.51742	3	NA	NA	2	NA
64	1	Der	NA	NA	NA	NA	2.0456	3	NA	NA	3	NA
64	2	alte	197	197	0	6.61735	2.62851	4	NA	3	3	1
64	3	Kapitän	22	396	0	6.60187	0.20275	7	NA	2	1	2
64	4	goß	2	396	0.11075	6.42835	2.39904	3	NA	1	3	2
64	5	stets	106	378	0.36427	14.76726	3.12369	5	NA	3	3	2
64	6	ein	5821	345	0.87589	4.85287	1.50846	3	NA	4	2	2
64	7	wenig	301	372	1.27827	5.85431	3.61705	5	NA	3	4	2
64	8	Rum	3	445	1.16583	13.45504	3.39888	3	NA	1	3	3
64	9	in	17286	219	1.8657	6.498	1.81015	2	NA	5	2	1
64	10	seinen	690	197	2.13507	6.45806	5.66411	6	NA	3	5	1
64	11	Tee	NA	NA	NA	NA	0.45068	4	NA	NA	1	NA
65	1	Die	NA	NA	NA	NA	2.0456	3	NA	NA	3	NA
65	2	schmale	8	197	0	6.61735	2.62851	7	NA	1	3	1
65	3	Öse	1	396	0	6.60187	0.20275	3	NA	1	1	2
65	4	ist	6985	396	0.08169	6.42835	2.73934	3	NA	4	3	2
65	5	zu	9469	913	0.20016	14.94408	1.61787	2	NA	4	2	3
65	6	klein	34	411	0.98522	5.36449	4.06939	5	NA	2	4	3
65	7	für	6680	667	0.52534	10.09859	4.02607	3	NA	4	4	3
65	8	den	12013	197	1.09106	6.3116	0.89183	3	NA	5	1	1
65	9	Faden	NA	NA	NA	NA	0.98239	6	NA	NA	1	NA
66	1	Die	NA	NA	NA	NA	2.0456	3	NA	NA	3	NA
66	2	Tänzer	11	197	0	6.61735	1.17345	6	NA	2	2	1
66	3	probten	2	396	0	6.58696	2.42056	7	NA	1	3	2
66	4	ihre	1201	429	0.03918	10.59239	6.59846	4	NA	4	5	3
66	5	Kür	5	345	0.30441	5.76115	0.34745	3	NA	1	1	2
66	6	besonders	252	423	0.53377	6.62796	4.38678	9	NA	3	4	3
66	7	intensiv	NA	NA	NA	NA	3.80258	9	NA	NA	4	NA
67	1	Nach	NA	NA	NA	NA	2.42555	4	NA	NA	3	NA
67	2	dem	6578	197	0	6.59812	1.8169	3	NA	4	2	1
67	3	Streit	87	396	0	6.63445	0.72635	6	NA	2	1	2
67	4	schien	61	406	0.15824	6.58696	2.73501	6	NA	2	3	3
67	5	alles	451	585	0.31235	10.59239	4.86121	5	NA	3	4	3
67	6	wieder	1101	345	0.88244	5.74626	3.01241	6	NA	4	3	2
67	7	im	6748	345	1.18946	3.92507	2.24238	2	NA	4	3	2
67	8	Lot	3	219	1.18314	6.36081	1.84742	3	NA	1	2	1
67	9	zu	9469	474	1.66606	6.61166	1.71786	2	NA	4	2	3
67	10	sein	NA	NA	NA	NA	5.49203	5	NA	NA	5	NA
68	1	Der	NA	NA	NA	NA	2.0456	3	NA	NA	3	NA
68	2	frisch	21	197	0	6.61735	5.88256	6	NA	2	5	1
68	3	gekochte	1	396	0	6.40369	2.55971	8	NA	1	3	2
68	4	Brei	3	474	0.09148	10.8276	0.73147	4	NA	1	1	3
68	5	war	2482	394	0.81928	6.42835	2.92433	3	NA	4	3	2
68	6	noch	2804	444	1.29469	15.0602	2.96015	4	NA	4	3	3
68	7	zu	9469	197	1.33341	5.96942	1.59852	2	NA	4	2	1
68	8	heiß	NA	NA	NA	NA	3.72342	5	NA	NA	4	NA
69	1	Die	NA	NA	NA	NA	2.0456	3	NA	NA	3	NA
69	2	Schneiderin	2	197	0	6.61735	1.17345	11	NA	1	2	1
69	3	steckte	10	396	0	6.58696	2.42056	7	NA	1	3	2
69	4	die	30483	429	0.04254	10.59239	2.50285	3	NA	5	3	3
69	5	Naht	2	423	0.31427	6.54856	0.76195	4	NA	1	1	3
69	6	sorgfältig	19	423	0.51812	6.58696	5.63192	10	NA	2	5	3
69	7	ab	NA	NA	NA	NA	1.35429	3	NA	NA	2	NA
70	1	Auf	NA	NA	NA	NA	2.60437	3	NA	NA	3	NA
70	2	dem	6578	197	0	6.59812	1.75349	3	NA	4	2	1
70	3	höchsten	41	396	0	6.63445	2.05813	8	NA	2	3	2
70	4	Mast	3	406	0.12283	6.60187	0.25916	4	NA	1	1	3
70	5	hielt	91	269	0.71427	6.42835	2.45888	5	NA	2	3	2
70	6	der	33429	197	1.02077	14.76726	1.85774	3	NA	5	2	1
70	7	Pirat	1	372	0.94536	6.54856	0.68191	5	NA	1	1	2
70	8	Wache	NA	NA	NA	NA	4.7751	6	NA	NA	4	NA
71	1	Claudia	NA	NA	NA	NA	3.77039	7	NA	NA	4	NA
71	2	kann	1297	197	0	6.58823	5.03603	4	NA	4	4	1
71	3	Salatsaucen	1	396	0	10.3063	4.43101	11	NA	1	4	2
71	4	mit	8136	738	0.12946	6.44739	2.14816	3	NA	4	3	3
71	5	viel	430	394	0.81291	6.45806	4.31918	4	NA	3	4	2
71	6	Essig	3	345	1.99192	6.42414	2.03506	5	NA	1	3	2
71	7	nicht	7078	697	0.47652	6.498	5.75268	5	NA	4	5	3
71	8	ausstehen	NA	NA	NA	NA	5.64091	10	NA	NA	5	NA
72	1	Die	NA	NA	NA	NA	2.0456	3	NA	NA	3	NA
72	2	Torte	2	197	0	6.61735	1.17345	5	NA	1	2	1
72	3	erwies	17	396	0	6.58696	2.42056	6	NA	2	3	2
72	4	sich	7603	636	0.03428	10.59239	2.98538	4	NA	4	3	3
72	5	als	5074	396	0.30148	5.16	1.5302	3	NA	4	2	2
72	6	ein	5821	396	0.59138	6.48991	1.10067	3	NA	4	2	2
72	7	wahrer	5	219	0.96314	6.63445	2.26829	6	NA	1	3	1
72	8	Leckerbissen	NA	NA	NA	NA	0.20769	13	NA	NA	1	NA
73	1	Sie	NA	NA	NA	NA	4.5595	3	NA	NA	4	NA
73	2	machten	56	197	0	6.53992	1.03807	7	NA	2	2	1
73	3	einen	2495	396	0	10.96376	2.05085	5	NA	4	3	2
73	4	Spaziergang	8	352	0.16235	6.54856	0.64349	11	NA	1	1	2
73	5	am	2849	345	0.48582	6.58696	1.93798	2	NA	4	2	2
73	6	Deich	3	345	1.14779	6.52096	2.05122	5	NA	1	3	2
73	7	entlang	NA	NA	NA	NA	2.68775	8	NA	NA	3	NA
74	1	Ulf	NA	NA	NA	NA	3.77039	3	NA	NA	4	NA
74	2	hat	3572	197	0	6.58823	3.64805	3	NA	4	4	1
74	3	schon	1254	396	0	10.77865	2.95895	5	NA	4	3	2
74	4	wieder	1101	396	0.13129	5.96942	2.86125	6	NA	4	3	2
74	5	eine	5526	423	0.94033	9.81307	1.6318	4	NA	4	2	3
74	6	Niete	1	445	1.59873	5.85431	1.07866	5	NA	1	2	3
74	7	gezogen	NA	NA	NA	NA	3.93417	8	NA	NA	4	NA
75	1	Der	NA	NA	NA	NA	2.0456	3	NA	NA	3	NA
75	2	Giebel	3	197	0	6.61735	1.17345	6	NA	1	2	1
75	3	des	7866	396	0	6.58696	2.84717	3	NA	4	3	2
75	4	alten	263	423	0.0875	6.56709	2.71503	5	NA	3	3	3
75	5	Hauses	45	692	0.42755	6.60187	0.2042	6	NA	2	1	3
75	6	drohte	20	579	0.8416	6.42835	2.81524	6	NA	2	3	3
75	7	einzustürzen	NA	NA	NA	NA	11.49093	13	NA	NA	5	NA
76	1	Das	NA	NA	NA	NA	2.47204	3	NA	NA	3	NA
76	2	Karamellbonbon	1	197	0	6.61735	0.78317	14	NA	1	1	1
76	3	blieb	133	396	0	6.58696	2.40858	5	NA	3	3	2
76	4	Julia	13	429	0.04238	10.59239	5.19199	5	NA	2	5	3
76	5	am	2849	423	0.29244	5.20394	0.99163	2	NA	4	1	3
76	6	Gaumen	2	445	0.61169	11.11634	2.68846	6	NA	1	3	3
76	7	kleben	NA	NA	NA	NA	9.42348	7	NA	NA	5	NA
77	1	Tamara	NA	NA	NA	NA	3.77039	6	NA	NA	4	NA
77	2	führte	96	197	0	6.58823	2.43491	6	NA	2	3	1
77	3	mit	8136	396	0	10.91721	1.57409	3	NA	4	2	2
77	4	der	33429	345	0.1237	6.55093	1.80431	3	NA	5	2	2
77	5	Hebamme	3	301	0.55764	6.63445	0.7151	7	NA	1	1	2
77	6	mehrere	129	372	0.90677	6.58696	4.91195	7	NA	3	4	2
77	7	Gespräche	NA	NA	NA	NA	0.36329	10	NA	NA	1	NA
78	1	Nach	NA	NA	NA	NA	2.42555	4	NA	NA	3	NA
78	2	der	33429	197	0	6.59812	1.8169	3	NA	5	2	1
78	3	Trauung	3	396	0	6.63445	0.72635	7	NA	1	1	2
78	4	wartete	11	406	0.15211	6.58696	2.73501	7	NA	2	3	3
78	5	eine	5526	378	0.37556	10.59239	1.50371	4	NA	4	2	2
78	6	Kutsche	3	372	0.74217	6.54856	0.67848	7	NA	1	1	2
78	7	vor	2556	423	0.94253	6.58696	1.58508	3	NA	4	2	3
78	8	der	33429	219	0.92863	6.45806	1.64413	3	NA	5	2	1
78	9	Kirche	NA	NA	NA	NA	0.71761	7	NA	NA	1	NA
79	1	Robert	NA	NA	NA	NA	3.77039	6	NA	NA	4	NA
79	2	ließ	177	197	0	6.58823	2.43491	4	NA	3	3	1
79	3	sich	7603	396	0	10.91721	3.55729	4	NA	4	4	2
79	4	den	12013	396	0.06927	5.43487	3.9602	3	NA	5	4	2
79	5	Schinken	3	396	0.57814	6.57317	0.90644	8	NA	1	1	2
79	6	in	17286	219	1.14372	6.58696	1.88666	2	NA	5	2	1
79	7	Scheiben	10	197	0.98258	6.45806	1.77591	8	NA	1	2	1
79	8	schneiden	NA	NA	NA	NA	7.04125	10	NA	NA	5	NA
80	1	Die	NA	NA	NA	NA	2.0456	3	NA	NA	3	NA
80	2	Kinder	316	197	0	6.61735	1.17345	6	NA	3	2	1
80	3	hüpften	1	396	0	6.58696	2.09792	7	NA	1	3	2
80	4	auf	7037	429	0.05892	10.59239	1.84449	3	NA	4	2	3
80	5	der	33429	396	0.20725	6.55093	1.74098	3	NA	5	2	2
80	6	alten	263	377	0.53983	6.63445	2.11131	5	NA	3	3	2
80	7	Matratze	3	572	0.76198	6.60187	0.20616	8	NA	1	1	3
80	8	herum	NA	NA	NA	NA	3.48737	6	NA	NA	4	NA
81	1	Laura	NA	NA	NA	NA	3.77039	5	NA	NA	4	NA
81	2	stellte	112	197	0	6.58823	2.43491	7	NA	3	3	1
81	3	eine	5526	396	0	10.91721	2.29917	4	NA	4	3	2
81	4	Schüssel	6	396	0.15211	6.54856	4.8014	8	NA	1	4	2
81	5	Kirschen	3	616	0.44338	6.58696	5.26463	8	NA	1	5	3
81	6	auf	7037	505	1.05427	3.94882	2.36302	3	NA	4	3	3
81	7	den	12013	197	1.3015	6.45806	1.44441	3	NA	5	2	1
81	8	Tisch	NA	NA	NA	NA	0.88509	6	NA	NA	1	NA
82	1	Das	NA	NA	NA	NA	2.47204	3	NA	NA	3	NA
82	2	entscheidende	30	197	0	6.61735	2.25981	13	NA	2	3	1
82	3	Telefonat	3	396	0	6.60187	0.20136	9	NA	1	1	2
82	4	verzögerte	3	396	0.11075	6.42835	6.49682	10	NA	1	5	2
82	5	sich	NA	NA	NA	NA	9.94696	5	NA	NA	5	NA
83	1	Mandy	NA	NA	NA	NA	3.77039	5	NA	NA	4	NA
83	2	aß	3	197	0	6.58823	2.43491	2	NA	1	3	1
83	3	die	30483	396	0	10.91721	2.59869	3	NA	5	3	2
83	4	Mandarine	1	396	0.15211	6.54856	0.74362	9	NA	1	1	2
83	5	sofort	114	372	0.51123	6.58696	4.959	6	NA	3	4	2
83	6	auf	NA	NA	NA	NA	1.21265	4	NA	NA	2	NA
84	1	Der	NA	NA	NA	NA	2.0456	3	NA	NA	3	NA
84	2	Teppich	9	197	0	6.61735	1.17345	7	NA	1	2	1
84	3	mit	8136	396	0	6.58696	2.76101	3	NA	4	3	2
84	4	dem	6578	396	0.08621	6.45806	1.44298	3	NA	4	2	2
84	5	Schnörkel	2	381	0.4066	6.63445	0.62121	9	NA	1	1	2
84	6	gefiel	7	486	0.7688	6.58696	2.83603	6	NA	1	3	3
84	7	Bettina	9	394	0.91999	10.59239	5.33262	7	NA	1	5	2
84	8	nicht	NA	NA	NA	NA	6.14786	6	NA	NA	5	NA
85	1	Der	NA	NA	NA	NA	2.0456	3	NA	NA	3	NA
85	2	majestätische	1	197	0	6.61735	2.62851	13	NA	1	3	1
85	3	Gletscher	4	396	0	6.60187	0.20275	9	NA	1	1	2
85	4	wurde	1634	396	0.1061	6.42835	2.73934	5	NA	4	3	2
85	5	schon	1254	396	0.42005	14.94408	2.9081	5	NA	4	3	2
85	6	oft	232	396	1.04794	5.96942	2.74977	3	NA	3	3	2
85	7	bestiegen	NA	NA	NA	NA	3.88076	10	NA	NA	4	NA
86	1	Der	NA	NA	NA	NA	2.0456	3	NA	NA	3	NA
86	2	Großvater	11	197	0	6.61735	1.17345	9	NA	2	2	1
86	3	fand	122	396	0	6.58696	2.42056	4	NA	3	3	2
86	4	in	17286	429	0.05627	10.59239	0.99852	2	NA	5	1	3
86	5	seinem	574	396	0.23444	6.55093	6.08336	6	NA	3	5	2
86	6	Pantoffel	1	345	0.54021	6.59818	0.43908	9	NA	1	1	2
86	7	eine	5526	372	0.68511	6.62796	3.28522	4	NA	4	3	2
86	8	Wäscheklammer	NA	NA	NA	NA	0.57337	14	NA	NA	1	NA
87	1	Johannes	NA	NA	NA	NA	3.77039	8	NA	NA	4	NA
87	2	wollte	267	197	0	6.58823	5.03603	6	NA	3	4	1
87	3	unbedingt	52	396	0	10.3063	2.53516	9	NA	2	3	2
87	4	Karussell	3	429	0.1451	6.41467	5.21794	9	NA	1	5	3
87	5	fahren	NA	NA	NA	NA	2.58637	7	NA	NA	3	NA
88	1	Die	NA	NA	NA	NA	2.0456	3	NA	NA	3	NA
88	2	Olympiade	3	197	0	6.61735	1.17345	9	NA	1	2	1
88	3	findet	169	396	0	6.58696	2.42056	6	NA	3	3	2
88	4	dieses	492	636	0.00918	10.59239	6.51579	6	NA	3	5	3
88	5	Jahr	847	345	0.31022	6.04359	1.70823	4	NA	3	2	2
88	6	in	17286	423	0.53626	6.54373	1.80775	2	NA	5	2	3
88	7	Australien	37	197	0.90204	6.45806	3.33582	10	NA	2	3	1
88	8	statt	NA	NA	NA	NA	2.02884	6	NA	NA	3	NA
89	1	Sonja	NA	NA	NA	NA	3.77039	5	NA	NA	4	NA
89	2	kam	292	197	0	6.58823	2.43491	3	NA	3	3	1
89	3	als	5074	396	0	10.91721	2.28901	3	NA	4	3	2
89	4	Einzige	4	345	0.11399	6.55093	3.84068	7	NA	1	4	2
89	5	pünktlich	NA	NA	NA	NA	10.07018	10	NA	NA	5	NA
90	1	Der	NA	NA	NA	NA	2.0456	3	NA	NA	3	NA
90	2	alte	197	197	0	6.61735	2.62851	4	NA	3	3	1
90	3	Mann	382	396	0	6.60187	0.16084	4	NA	3	1	2
90	4	zog	69	396	0.11075	6.42835	2.39672	3	NA	2	3	2
90	5	einen	2495	345	0.41178	14.76726	2.27469	5	NA	4	3	2
90	6	Karren	4	372	0.79071	6.54856	0.64441	6	NA	1	1	2
90	7	zum	2402	423	0.75738	6.58696	4.4845	3	NA	4	4	3
90	8	Marktplatz	NA	NA	NA	NA	0.51039	11	NA	NA	1	NA
91	1	Keiner	NA	NA	NA	NA	7.07217	6	NA	NA	5	NA
91	2	wußte	54	296	0	8.61949	2.27185	6	NA	2	3	2
91	3	was	972	636	0.04032	6.01103	3.97931	3	NA	3	4	3
91	4	zu	9469	352	0.48991	6.30465	1.92745	2	NA	4	2	2
91	5	tun	234	405	1.05201	9.77971	4.95876	3	NA	3	4	3
91	6	war	NA	NA	NA	NA	3.55251	4	NA	NA	4	NA
92	1	Heute	NA	NA	NA	NA	3.75637	5	NA	NA	4	NA
92	2	morgen	68	197	0	6.60087	3.59965	6	NA	2	4	1
92	3	saß	35	474	0	10.12114	2.42688	3	NA	2	3	3
92	4	auf	7037	445	0.16482	10.61428	3.27999	3	NA	4	3	3
92	5	unserer	148	655	0.6076	6.55093	5.30845	7	NA	3	5	3
92	6	Terrasse	6	345	1.24714	6.59818	0.40656	8	NA	1	1	2
92	7	ein	5821	197	1.34768	6.62796	1.81555	3	NA	4	2	1
92	8	Frosch	NA	NA	NA	NA	1.24429	7	NA	NA	2	NA
93	1	Der	NA	NA	NA	NA	2.0456	3	NA	NA	3	NA
93	2	Wandersmann	1	197	0	6.61735	1.0557	11	NA	1	2	1
93	3	bat	19	396	0	6.58696	2.41837	3	NA	2	3	2
93	4	den	12013	429	0.04254	10.59239	2.36136	3	NA	5	3	3
93	5	Wirt	10	423	0.31427	6.54856	0.8944	4	NA	2	1	3
93	6	um	2854	674	0.46079	6.58696	1.57631	2	NA	4	2	3
93	7	etwas	500	445	0.75872	6.45806	4.37442	5	NA	3	4	3
93	8	Wasser	NA	NA	NA	NA	2.63626	7	NA	NA	3	NA
94	1	Seit	NA	NA	NA	NA	2.37368	4	NA	NA	3	NA
94	2	gestern	244	197	0	6.59812	4.94276	7	NA	3	4	1
94	3	geht	495	396	0	6.08988	5.20913	4	NA	3	5	2
94	4	es	4589	636	0.09036	10.39815	1.98063	2	NA	4	2	3
94	5	dem	6578	301	0.77471	5.43487	2.42154	3	NA	4	3	2
94	6	Patienten	59	345	1.59809	6.57317	0.68966	9	NA	2	1	2
94	7	deutlich	203	197	1.10772	6.58696	5.23017	8	NA	3	5	1
94	8	besser	NA	NA	NA	NA	6.437	7	NA	NA	5	NA
95	1	Der	NA	NA	NA	NA	2.0456	3	NA	NA	3	NA
95	2	Waffenstillstand	16	197	0	6.61735	1.17345	16	NA	2	2	1
95	3	hält	188	396	0	6.58696	2.42056	4	NA	3	3	2
95	4	seit	789	429	0.05758	10.59239	2.36666	4	NA	3	3	3
95	5	fast	384	396	0.22019	6.55093	5.96529	4	NA	3	5	2
95	6	vier	403	352	0.60094	6.00587	2.67114	4	NA	3	3	2
95	7	Monaten	NA	NA	NA	NA	0.49846	8	NA	NA	1	NA
96	1	Freundlich	NA	NA	NA	NA	3.47923	10	NA	NA	3	NA
96	2	zu	9469	197	0	6.5047	4.4571	2	NA	4	4	1
96	3	sein	1697	396	0	9.7442	4.33339	4	NA	4	4	2
96	4	kann	1297	636	0	9.78419	10.50152	4	NA	4	5	3
96	5	nie	254	654	0.12404	5.76512	4.25423	3	NA	3	4	3
96	6	schaden	NA	NA	NA	NA	8.41474	8	NA	NA	5	NA
97	1	Die	NA	NA	NA	NA	2.0456	3	NA	NA	3	NA
97	2	Mutter	137	197	0	6.61735	1.17345	6	NA	3	2	1
97	3	gibt	748	396	0	6.58696	2.42056	4	NA	3	3	2
97	4	ihren	658	429	0.04672	10.59239	4.18599	5	NA	3	4	3
97	5	Kindern	89	396	0.30574	5.76115	2.61411	7	NA	2	3	2
97	6	jeden	157	423	0.29212	6.62796	8.83652	5	NA	3	5	3
97	7	Montag	196	394	0.63784	12.02212	0.94619	6	NA	3	1	2
97	8	Taschengeld	NA	NA	NA	NA	6.28505	12	NA	NA	5	NA
98	1	Jeder	NA	NA	NA	NA	5.93747	5	NA	NA	5	NA
98	2	Vorschlag	78	197	0	5.95961	1.32205	9	NA	2	2	1
98	3	gilt	226	370	0.08975	8.18987	2.63437	5	NA	3	3	2
98	4	der	33429	449	0.43078	6.01103	2.66511	3	NA	5	3	3
98	5	rechtzeitig	28	345	0.90913	6.58237	4.31191	11	NA	2	4	2
98	6	eingereicht	12	396	1.17548	10.43208	4.948	11	NA	2	4	2
98	7	wird	NA	NA	NA	NA	0.97769	5	NA	NA	1	NA
99	1	Ich	NA	NA	NA	NA	3.40038	3	NA	NA	3	NA
99	2	weiß	232	197	0	6.53992	1.55809	4	NA	3	2	1
99	3	nicht	7078	374	0.05219	7.91944	2.64512	6	NA	4	3	2
99	4	ob	449	396	0.43504	10.786	2.33399	2	NA	3	3	2
99	5	wir	1166	197	1.47413	6.62379	3.32959	3	NA	4	3	1
99	6	uns	644	219	1.88633	10.70821	3.43483	3	NA	3	3	1
99	7	noch	2804	283	2.06983	3.3989	2.61507	4	NA	4	3	2
99	8	sehen	293	197	2.39513	4.27103	2.50675	5	NA	3	3	1
99	9	werden	NA	NA	NA	NA	4.7545	7	NA	NA	4	NA
100	1	Die	NA	NA	NA	NA	2.0456	3	NA	NA	3	NA
100	2	meisten	195	197	0	6.61735	5.02372	7	NA	3	4	1
100	3	Kinder	316	396	0	9.25623	2.41534	6	NA	3	3	2
100	4	gehen	246	396	0.11294	6.498	2.1172	5	NA	3	3	2
100	5	gerne	77	378	0.45039	9.88174	3.80666	5	NA	2	4	2
100	6	zur	2034	197	1.00633	4.85287	2.4977	3	NA	4	3	1
100	7	Schule	NA	NA	NA	NA	2.16451	7	NA	NA	3	NA
101	1	Viele	NA	NA	NA	NA	5.93747	5	NA	NA	5	NA
101	2	Kinder	316	197	0	5.95961	1.32205	6	NA	3	2	1
101	3	lesen	62	396	0	6.498	2.15732	5	NA	2	3	2
101	4	nur	2549	429	0.1174	9.88174	3.07694	3	NA	4	3	3
101	5	noch	2804	345	0.49609	4.85287	2.92547	4	NA	4	3	2
101	6	selten	NA	NA	NA	NA	2.6246	7	NA	NA	3	NA
102	1	Die	NA	NA	NA	NA	2.0456	3	NA	NA	3	NA
102	2	Journalisten	67	197	0	6.61735	1.17345	12	NA	2	2	1
102	3	fragen	48	396	0	6.58696	2.39901	6	NA	2	3	2
102	4	den	12013	429	0.04254	10.59239	2.37344	3	NA	5	3	3
102	5	Bürgermeister	109	423	0.31427	6.54856	0.89434	13	NA	3	1	3
102	6	nach	3365	674	0.46079	6.58696	1.56898	4	NA	4	2	3
102	7	seiner	1016	445	0.74423	6.45806	5.56999	6	NA	4	5	3
102	8	Meinung	NA	NA	NA	NA	0.44667	8	NA	NA	1	NA
103	1	Kevin	NA	NA	NA	NA	3.77039	5	NA	NA	4	NA
103	2	und	23166	197	0	6.58823	5.70237	3	NA	5	5	1
103	3	Marie	14	396	0	10.97037	0.41061	5	NA	2	1	2
103	4	spielen	126	423	0.14937	5.8033	1.94522	7	NA	3	2	3
103	5	oft	232	394	0.82724	15.19396	3.37259	3	NA	3	3	2
103	6	im	6748	197	1.51075	4.85287	1.93723	2	NA	4	2	1
103	7	Garten	NA	NA	NA	NA	1.8498	7	NA	NA	2	NA
104	1	Die	NA	NA	NA	NA	2.0456	3	NA	NA	3	NA
104	2	Geschworenen	4	197	0	6.61735	1.17345	12	NA	1	2	1
104	3	glauben	73	396	0	6.58696	2.39922	7	NA	2	3	2
104	4	dem	6578	429	0.04254	10.59239	2.58656	3	NA	4	3	3
104	5	Beklagten	3	423	0.31427	6.54856	0.70666	9	NA	1	1	3
104	6	bestimmt	90	423	0.50748	6.58696	5.48652	8	NA	2	5	3
104	7	alles	NA	NA	NA	NA	7.74275	6	NA	NA	5	NA
105	1	Am	NA	NA	NA	NA	5.42033	2	NA	NA	5	NA
105	2	besten	119	197	0	4.60746	2.17787	6	NA	3	3	1
105	3	stellen	164	396	0	10.56155	5.25358	7	NA	3	5	2
105	4	wir	1166	396	0	10.81903	2.11769	3	NA	4	3	2
105	5	das	8502	396	0.27254	5.43487	1.15744	3	NA	4	2	2
105	6	Klavier	17	378	0.88748	6.57317	2.37125	7	NA	2	3	2
105	7	nicht	7078	396	0.87856	6.58696	7.69296	5	NA	4	5	2
105	8	direkt	94	472	1.13471	9.04095	5.48322	6	NA	2	5	3
105	9	ans	52	219	2.34523	9.5113	6.01775	3	NA	2	5	1
105	10	Fenster	NA	NA	NA	NA	0.44809	8	NA	NA	1	NA
106	1	Meistens	NA	NA	NA	NA	3.75637	8	NA	NA	4	NA
106	2	wünschen	29	197	0	6.60087	2.14766	8	NA	2	3	1
106	3	Kinder	316	396	0	10.75555	4.30086	6	NA	3	4	2
106	4	sich	7603	429	0.09521	4.72178	9.73089	4	NA	4	5	3
106	5	Spielzeug	7	345	0.62802	4.03442	5.58476	9	NA	1	5	2
106	6	zu	9469	372	0.92194	3.64991	1.54796	2	NA	4	2	2
106	7	Weihnachten	NA	NA	NA	NA	2.39153	12	NA	NA	3	NA
107	1	Einige	NA	NA	NA	NA	6.04865	6	NA	NA	5	NA
107	2	Häftlinge	15	197	0	5.95961	1.42091	9	NA	2	2	1
107	3	sprechen	111	396	0	6.498	2.15959	8	NA	3	3	2
107	4	nicht	7078	636	0.04579	9.88174	6.33898	5	NA	4	5	3
107	5	gern	82	396	0.53788	4.87514	1.86516	4	NA	2	2	2
107	6	miteinander	NA	NA	NA	NA	4.42867	12	NA	NA	4	NA
108	1	Nur	NA	NA	NA	NA	3.75637	3	NA	NA	4	NA
108	2	wenige	96	197	0	6.60087	5.83976	6	NA	2	5	1
108	3	Menschen	616	396	0	10.06003	1.64369	8	NA	3	2	2
108	4	brauchen	68	396	0.15757	6.498	2.42399	8	NA	2	3	2
108	5	ein	5821	378	0.51033	9.88174	1.73408	3	NA	4	2	2
108	6	Handy	11	345	1.05557	6.54856	1.44149	5	NA	2	2	2
108	7	wirklich	NA	NA	NA	NA	3.80129	9	NA	NA	4	NA
109	1	Einige	NA	NA	NA	NA	6.04865	6	NA	NA	5	NA
109	2	der	33429	197	0	6.26449	4.67169	3	NA	5	4	1
109	3	Angestellten	26	396	0	6.48133	0.7366	12	NA	2	1	2
109	4	arbeiten	105	396	0.19938	6.58696	2.64715	8	NA	3	3	2
109	5	nur	2549	378	0.36777	10.59239	3.18927	3	NA	4	3	2
109	6	vormittags	NA	NA	NA	NA	2.97241	11	NA	NA	3	NA
110	1	Die	NA	NA	NA	NA	2.0456	3	NA	NA	3	NA
110	2	Spieler	80	197	0	6.61735	1.17345	7	NA	2	2	1
110	3	hoffen	44	413	0.02434	8.58967	2.77712	7	NA	2	3	3
110	4	daß	3794	396	0.27364	6.01103	2.38004	3	NA	4	3	2
110	5	sie	3942	345	0.66681	6.62379	4.14428	3	NA	4	4	2
110	6	ihre	1201	378	0.77799	10.70821	6.76873	4	NA	4	5	2
110	7	Gegner	75	345	1.3131	5.82971	0.34972	6	NA	2	1	2
110	8	schlagen	39	353	2.44387	6.62796	1.73168	8	NA	2	2	2
110	9	werden	NA	NA	NA	NA	3.62838	7	NA	NA	4	NA
111	1	Ich	NA	NA	NA	NA	3.40038	3	NA	NA	3	NA
111	2	bin	193	197	0	6.53992	2.31928	3	NA	3	3	1
111	3	nicht	7078	396	0	10.74673	5.48472	5	NA	4	5	2
111	4	sicher	144	349	0.38851	7.57147	1.93164	7	NA	3	2	2
111	5	ob	449	404	1.28527	10.87134	3.17559	2	NA	3	3	3
111	6	alle	798	396	2.03673	6.57906	4.08957	4	NA	3	4	2
111	7	die	30483	420	0.722	10.34078	2.86138	3	NA	5	3	3
111	8	Prüfung	33	347	2.00509	6.48133	0.85488	7	NA	2	1	2
111	9	schaffen	116	197	2.60457	6.58696	3.52945	8	NA	3	4	1
111	10	werden	NA	NA	NA	NA	5.22987	7	NA	NA	5	NA
112	1	Die	NA	NA	NA	NA	2.0456	3	NA	NA	3	NA
112	2	meisten	195	197	0	6.61735	5.02372	7	NA	3	4	1
112	3	Geschäfte	44	396	0	9.25623	2.41534	9	NA	2	3	2
112	4	schließen	49	396	0.11294	6.498	2.1172	9	NA	2	3	2
112	5	samstags	8	378	0.44639	9.88174	3.80666	8	NA	1	4	2
112	6	früher	129	197	1.06712	4.85287	2.22615	6	NA	3	3	1
112	7	als	5074	197	1.31356	8.82068	2.17179	3	NA	4	3	1
112	8	unter	1272	197	2.04011	9.50759	3.93936	5	NA	4	4	1
112	9	der	33429	197	2.37362	6.26672	3.13818	3	NA	5	3	1
112	10	Woche	NA	NA	NA	NA	0.69717	6	NA	NA	1	NA
113	1	Die	NA	NA	NA	NA	2.0456	3	NA	NA	3	NA
113	2	Astronauten	4	197	0	6.61735	1.17345	11	NA	1	2	1
113	3	antworten	12	396	0	6.58696	8.48863	9	NA	2	5	2
113	4	seit	789	429	0.06031	10.59239	6.26269	4	NA	3	5	3
113	5	Tagen	155	345	0.18866	6.55093	2.45626	5	NA	3	3	2
113	6	nicht	7078	372	0.46181	6.61166	9.80881	5	NA	4	5	2
113	7	mehr	NA	NA	NA	NA	1.04138	5	NA	NA	2	NA
114	1	Die	NA	NA	NA	NA	2.0456	3	NA	NA	3	NA
114	2	Schüler	93	197	0	6.61735	1.0557	7	NA	2	2	1
114	3	schreiben	60	396	0	6.58696	2.39642	9	NA	2	3	2
114	4	ihrer	750	429	0.03918	10.59239	4.21665	5	NA	3	4	3
114	5	kranken	7	396	0.31665	5.76115	4.72204	7	NA	1	4	2
114	6	Lehrerin	13	585	0.58771	6.37629	0.22303	8	NA	2	1	3
114	7	einen	2495	353	0.93085	6.42835	4.29063	5	NA	4	4	2
114	8	Brief	NA	NA	NA	NA	0.77789	6	NA	NA	1	NA
115	1	Die	NA	NA	NA	NA	2.0456	3	NA	NA	3	NA
115	2	Beschuldigten	7	197	0	6.61735	1.17345	13	NA	1	2	1
115	3	schweigen	17	396	0	6.58696	2.39922	9	NA	2	3	2
115	4	zu	9469	429	0.05892	10.59239	1.43705	2	NA	4	2	3
115	5	den	12013	396	0.2053	6.55093	1.56797	3	NA	5	2	2
115	6	Vorwürfen	NA	NA	NA	NA	1.02302	10	NA	NA	2	NA
116	1	Die	NA	NA	NA	NA	2.0456	3	NA	NA	3	NA
116	2	beiden	478	197	0	6.61735	6.1802	6	NA	3	5	1
116	3	Mädchen	102	396	0	9.25623	1.42571	7	NA	3	2	2
116	4	schütteln	5	396	0.14381	6.498	6.18146	9	NA	1	5	2
116	5	sich	7603	665	0.24039	9.88174	12.41704	4	NA	4	5	3
116	6	vor	2556	411	0.99817	5.16	0.82028	3	NA	4	1	3
116	7	lachen	NA	NA	NA	NA	7.34536	7	NA	NA	5	NA
117	1	Dorothea	NA	NA	NA	NA	3.77039	8	NA	NA	4	NA
117	2	log	2	197	0	6.58823	2.43491	3	NA	1	3	1
117	3	oft	232	396	0	10.91721	3.43464	3	NA	3	3	2
117	4	bei	2956	345	0.13046	4.85287	1.69574	3	NA	4	2	2
117	5	Fragen	176	345	0.65871	6.36081	1.96126	6	NA	3	2	2
117	6	nach	3365	219	1.23489	6.61166	2.18438	4	NA	4	3	1
117	7	ihrem	358	423	1.68208	6.45806	5.70063	5	NA	3	5	3
117	8	Alter	NA	NA	NA	NA	0.11229	6	NA	NA	1	NA
118	1	Die	NA	NA	NA	NA	2.0456	3	NA	NA	3	NA
118	2	Großmutter	10	197	0	6.61735	1.17345	10	NA	2	2	1
118	3	wog	3	396	0	6.58696	2.42056	3	NA	1	3	2
118	4	die	30483	429	0.04254	10.59239	2.50285	3	NA	5	3	3
118	5	Zutaten	6	423	0.31427	6.54856	0.76195	7	NA	1	1	3
118	6	beim	643	423	0.50165	6.58696	4.50074	4	NA	3	4	3
118	7	Backen	3	445	0.6721	6.52096	0.47586	6	NA	1	1	3
118	8	sehr	571	241	1.10462	6.62155	4.32324	4	NA	3	4	1
118	9	genau	NA	NA	NA	NA	2.72391	6	NA	NA	3	NA
119	1	Die	NA	NA	NA	NA	2.0456	3	NA	NA	3	NA
119	2	Mutter	137	197	0	6.61735	1.17345	6	NA	3	2	1
119	3	sagte	709	413	0.02434	8.58967	2.79833	6	NA	3	3	3
119	4	Nina	9	396	0.2659	6.01103	4.12588	4	NA	1	4	2
119	5	übe	2	372	0.67758	6.60643	3.18081	3	NA	1	3	2
119	6	gerade	312	423	0.82378	11.03809	2.71286	6	NA	3	3	3
119	7	Klavier	NA	NA	NA	NA	4.42143	8	NA	NA	4	NA
120	1	Der	NA	NA	NA	NA	2.0456	3	NA	NA	3	NA
120	2	Gehilfe	2	197	0	6.61735	1.17345	7	NA	1	2	1
120	3	des	7866	396	0	6.58696	2.84717	3	NA	4	3	2
120	4	Gärtners	1	738	0.10788	6.56709	0.79659	8	NA	1	1	3
120	5	sät	2	527	0.35247	6.58696	2.68202	3	NA	1	3	3
120	6	Kresse	1	449	0.44331	10.59239	4.60528	6	NA	1	4	3
120	7	und	23166	241	0.65036	4.72178	3.08172	3	NA	5	3	1
120	8	Radieschen	NA	NA	NA	NA	0.27855	11	NA	NA	1	NA
121	1	Die	NA	NA	NA	NA	2.0456	3	NA	NA	3	NA
121	2	zwei	924	197	0	6.61735	6.96436	4	NA	3	5	1
121	3	Nichten	1	474	0	6.5053	0.94583	7	NA	1	1	3
121	4	öden	3	445	0.14428	4.61062	5.56382	4	NA	1	5	3
121	5	sich	7603	706	0.27619	15.20907	9.80672	4	NA	4	5	3
121	6	gegenseitig	25	494	1.16158	5.16	6.69131	11	NA	2	5	3
121	7	an	NA	NA	NA	NA	2.31252	3	NA	NA	3	NA
122	1	Sei	NA	NA	NA	NA	14.01588	3	NA	NA	5	NA
122	2	so	2410	197	0	4.2421	6.02316	2	NA	4	5	1
122	3	gut	427	197	0	9.0777	1.41931	3	NA	3	2	1
122	4	und	23166	396	0	9.79207	2.10866	3	NA	5	3	2
122	5	miß	1	636	0	10.28364	13.30242	3	NA	1	5	3
122	6	bitte	38	487	0.14668	8.2969	10.97624	5	NA	2	5	3
122	7	die	30483	432	0.81974	9.03669	1.1355	3	NA	5	2	3
122	8	Tiefe	24	445	1.42733	5.35753	0.6848	5	NA	2	1	3
122	9	des	7866	197	1.37536	6.51962	2.86776	3	NA	4	3	1
122	10	Regals	NA	NA	NA	NA	1.19635	7	NA	NA	2	NA
123	1	Jetzt	NA	NA	NA	NA	3.75637	5	NA	NA	4	NA
123	2	rate	3	197	0	6.60087	2.1552	4	NA	1	3	1
123	3	doch	811	396	0	8.64468	3.93147	4	NA	3	4	2
123	4	mal	271	356	0.32389	9.55353	3.17258	4	NA	3	3	2
123	5	wen	16	623	0.80112	10.50822	11.375	3	NA	2	5	3
123	6	ich	1391	510	1.11185	6.34209	3.64128	3	NA	4	4	3
123	7	gesehen	108	197	0.48193	10.26246	6.35926	7	NA	3	5	1
123	8	habe	NA	NA	NA	NA	3.85654	5	NA	NA	4	NA
124	1	Sei	NA	NA	NA	NA	14.01588	3	NA	NA	5	NA
124	2	so	2410	197	0	4.2421	6.02316	2	NA	4	5	1
124	3	lieb	11	197	0	9.0777	2.70733	4	NA	2	3	1
124	4	und	23166	396	0	9.79207	1.75647	3	NA	5	2	2
124	5	lies	2	636	0	10.28364	14.31298	4	NA	1	5	3
124	6	mir	389	487	0.08577	8.38304	5.00239	3	NA	3	4	3
124	7	die	30483	408	0.54478	9.97353	2.73746	3	NA	5	3	3
124	8	Angaben	242	430	1.19485	5.37252	0.88859	7	NA	3	1	3
124	9	vor	NA	NA	NA	NA	1.29535	4	NA	NA	2	NA
125	1	Bitte	NA	NA	NA	NA	2.97703	5	NA	NA	3	NA
125	2	wirf	1	197	0	6.60087	11.22924	4	NA	1	5	1
125	3	den	12013	396	0	8.73083	6.40083	3	NA	5	5	2
125	4	Ball	35	429	0.06576	9.63381	0.70264	4	NA	2	1	3
125	5	nicht	7078	636	0.25382	6.58696	8.71822	5	NA	4	5	3
125	6	wieder	1101	202	0.77167	9.04095	0.84916	6	NA	4	1	1
125	7	aufs	73	423	1.14911	10.07998	5.95037	4	NA	2	5	3
125	8	Dach	NA	NA	NA	NA	0.4449	5	NA	NA	1	NA
126	1	Bitte	NA	NA	NA	NA	2.97703	5	NA	NA	3	NA
126	2	hilf	2	197	0	6.60087	2.19687	4	NA	1	3	1
126	3	deiner	7	396	0	8.73083	6.16231	6	NA	1	5	2
126	4	Schwester	31	429	0	3.83676	0.34866	9	NA	2	1	3
126	5	beim	643	396	0.09249	6.62796	4.39143	4	NA	3	4	2
126	6	Aufräumen	NA	NA	NA	NA	0.47535	10	NA	NA	1	NA
127	1	Die	NA	NA	NA	NA	2.0456	3	NA	NA	3	NA
127	2	streikenden	3	197	0	6.61735	2.62851	11	NA	1	3	1
127	3	Fahrer	42	396	0	6.60187	0.20275	6	NA	2	1	2
127	4	konnte	367	396	0.10186	6.42835	4.46345	6	NA	3	4	2
127	5	man	1893	429	0.46811	13.93322	6.20674	3	NA	4	5	3
127	6	kilometerweit	2	396	1.37295	6.31847	4.81292	13	NA	1	4	2
127	7	hupen	1	219	1.63395	3.53065	2.71248	5	NA	1	3	1
127	8	hören	NA	NA	NA	NA	7.17605	6	NA	NA	5	NA
128	1	Die	NA	NA	NA	NA	2.0456	3	NA	NA	3	NA
128	2	Gärtner	8	197	0	6.61735	1.17345	7	NA	1	2	1
128	3	mähen	1	396	0	6.58696	4.26259	5	NA	1	4	2
128	4	den	12013	429	0.04254	10.59239	1.60825	3	NA	5	2	3
128	5	Rasen	13	423	0.31427	6.54856	5.27636	5	NA	2	5	3
128	6	im	6748	423	0.50165	6.58696	2.46671	2	NA	4	3	3
128	7	Park	32	445	0.6721	6.52096	1.35219	4	NA	2	2	3
128	8	jeden	157	449	1.01258	6.62155	7.57677	5	NA	3	5	3
128	9	Mittwoch	NA	NA	NA	NA	0.96104	9	NA	NA	1	NA
129	1	Gute	NA	NA	NA	NA	3.73445	4	NA	NA	4	NA
129	2	Beziehungen	144	197	0	6.47924	1.80687	11	NA	3	2	1
129	3	ebnen	4	396	0	6.42835	2.13401	5	NA	1	3	2
129	4	vielen	204	429	0.10639	14.95439	5.99013	6	NA	3	5	3
129	5	Unternehmern	7	345	0.52606	6.14262	1.28941	12	NA	1	2	2
129	6	den	12013	372	0.87899	6.498	4.27118	3	NA	5	4	2
129	7	Weg	268	445	0.98771	6.56709	0.78634	3	NA	3	1	3
129	8	zum	2402	241	1.55458	6.58696	4.48081	3	NA	4	4	1
129	9	Erfolg	NA	NA	NA	NA	0.62788	7	NA	NA	1	NA
130	1	Mäuse	NA	NA	NA	NA	4.25708	5	NA	NA	4	NA
130	2	und	23166	197	0	6.63596	3.31968	3	NA	5	3	1
130	3	Ratten	7	396	0	10.99857	0.19897	6	NA	1	1	2
130	4	nagen	2	738	0.08203	5.71098	1.88219	5	NA	1	2	3
130	5	gerne	77	394	0.6291	15.25856	3.36101	5	NA	2	3	2
130	6	an	4501	345	1.22622	4.85287	1.21495	2	NA	4	2	2
130	7	Stromkabeln	NA	NA	NA	NA	3.06377	12	NA	NA	3	NA
131	1	Tierärzte	NA	NA	NA	NA	3.86383	9	NA	NA	4	NA
131	2	impfen	2	197	0	6.63596	2.19147	6	NA	1	3	1
131	3	keine	900	396	0	10.9818	5.73033	5	NA	3	5	2
131	4	Kaninchen	5	396	0.0586	6.14262	1.5783	9	NA	1	2	2
131	5	gegen	1429	423	0.29492	6.498	1.33939	5	NA	4	2	3
131	6	Tollwut	NA	NA	NA	NA	3.19668	8	NA	NA	3	NA
132	1	Die	NA	NA	NA	NA	2.0456	3	NA	NA	3	NA
132	2	Hunde	17	197	0	6.61735	1.17345	5	NA	2	2	1
132	3	der	33429	396	0	6.58696	3.44656	3	NA	5	3	2
132	4	Wächter	6	738	0.10788	6.56709	0.55623	7	NA	1	1	3
132	5	bellen	2	527	0.35247	6.58696	2.7707	6	NA	1	3	3
132	6	beim	643	449	0.51554	10.59239	4.72489	4	NA	3	4	3
132	7	geringsten	10	396	0.85128	6.52783	2.28863	10	NA	1	3	2
132	8	Anlaß	NA	NA	NA	NA	0.25084	6	NA	NA	1	NA
133	1	Affen	NA	NA	NA	NA	4.25708	5	NA	NA	4	NA
133	2	kraulen	1	197	0	6.63596	2.23236	7	NA	1	3	1
133	3	sich	7603	396	0	10.9818	3.54909	4	NA	4	4	2
133	4	oft	232	396	0.0672	5.43487	2.45198	3	NA	3	3	2
133	5	stundenlang	8	345	0.45541	4.27103	4.76951	11	NA	1	4	2
133	6	das	8502	345	0.81312	8.25114	5.55422	3	NA	4	5	2
133	7	Fell	NA	NA	NA	NA	0.83545	5	NA	NA	1	NA
134	1	Die	NA	NA	NA	NA	2.0456	3	NA	NA	3	NA
134	2	Forscher	38	197	0	6.61735	1.17345	8	NA	2	2	1
134	3	stapfen	2	396	0	6.58696	2.39922	7	NA	1	3	2
134	4	durch	1880	429	0.05892	10.59239	1.60368	5	NA	4	2	3
134	5	den	12013	396	0.2053	6.55093	1.42365	3	NA	5	2	2
134	6	Schnee	26	381	0.52182	6.63445	1.00399	6	NA	2	1	2
134	7	zurück	305	423	0.6013	6.58696	3.52869	6	NA	3	4	3
134	8	zum	2402	449	0.77935	11.18759	5.30902	3	NA	4	5	3
134	9	Lager	NA	NA	NA	NA	0.54903	6	NA	NA	1	NA
135	1	Viele	NA	NA	NA	NA	5.93747	5	NA	NA	5	NA
135	2	Babys	5	197	0	5.95961	1.32205	5	NA	1	2	1
135	3	schielen	2	396	0	6.498	2.15732	8	NA	1	3	2
135	4	nach	3365	429	0.13202	9.88174	1.57391	4	NA	4	2	3
135	5	der	33429	197	0.3702	6.55093	1.74727	3	NA	5	2	1
135	6	Geburt	26	301	0.76054	6.63445	0.71152	6	NA	2	1	2
135	7	eine	5526	372	0.78713	6.58696	2.2483	4	NA	4	3	2
135	8	Weile	18	474	1.11703	6.56709	0.63919	5	NA	2	1	3
135	9	lang	NA	NA	NA	NA	3.48488	5	NA	NA	4	NA
136	1	Die	NA	NA	NA	NA	2.0456	3	NA	NA	3	NA
136	2	Bäume	28	197	0	6.61735	1.17345	5	NA	2	2	1
136	3	in	17286	396	0	6.58696	1.81478	2	NA	5	2	2
136	4	den	12013	396	0.08621	6.45806	1.64526	3	NA	5	2	2
136	5	Wäldern	7	381	0.4066	6.63445	1.41604	7	NA	1	2	2
136	6	speichern	4	486	0.7688	6.58696	2.83201	9	NA	1	3	3
136	7	sehr	571	394	0.90535	10.59239	3.27741	4	NA	3	3	2
136	8	viel	430	197	1.2985	4.85287	2.718	4	NA	3	3	1
136	9	Wasser	NA	NA	NA	NA	3.61059	7	NA	NA	4	NA
137	1	Die	NA	NA	NA	NA	2.0456	3	NA	NA	3	NA
137	2	meisten	195	197	0	6.61735	5.02372	7	NA	3	4	1
137	3	Leute	207	396	0	9.25623	2.41534	5	NA	3	3	2
137	4	schummeln	1	396	0.11294	6.498	2.1172	9	NA	1	3	2
137	5	beim	643	606	0.43207	9.88174	5.3632	4	NA	3	5	3
137	6	Spielen	34	345	0.79826	6.52783	0.47674	7	NA	2	1	2
137	7	gelegentlich	NA	NA	NA	NA	5.67983	13	NA	NA	5	NA
138	1	Nach	NA	NA	NA	NA	2.42555	4	NA	NA	3	NA
138	2	dem	6578	197	0	6.59812	1.8169	3	NA	4	2	1
138	3	Spiel	158	396	0	6.63445	0.72635	5	NA	3	1	2
138	4	massieren	1	406	0.15211	6.58696	2.71443	9	NA	1	3	3
138	5	die	30483	378	0.37556	10.59239	1.80223	3	NA	5	2	2
138	6	Therapeuten	4	372	0.74217	6.54856	0.77929	11	NA	1	1	2
138	7	den	12013	423	0.98571	6.58696	2.22239	3	NA	5	3	3
138	8	Spielern	15	502	0.98686	6.56709	1.02149	8	NA	2	2	3
138	9	die	30483	241	1.14798	6.58696	3.00439	3	NA	5	3	1
138	10	Beine	NA	NA	NA	NA	0.67419	6	NA	NA	1	NA
139	1	Die	NA	NA	NA	NA	2.0456	3	NA	NA	3	NA
139	2	beiden	478	197	0	6.61735	6.1802	6	NA	3	5	1
139	3	Mädchen	102	396	0	6.60187	1.42571	7	NA	3	2	2
139	4	tuscheln	1	396	0.11075	6.42835	2.07568	8	NA	1	3	2
139	5	während	368	378	0.35602	14.76726	3.02203	7	NA	3	3	2
139	6	des	7866	197	0.62876	6.55093	0.94666	3	NA	4	1	1
139	7	Unterrichts	NA	NA	NA	NA	1.02301	12	NA	NA	2	NA
140	1	Die	NA	NA	NA	NA	2.0456	3	NA	NA	3	NA
140	2	Häuser	57	197	0	6.61735	1.17345	6	NA	2	2	1
140	3	am	2849	396	0	6.58696	2.34684	2	NA	4	3	2
140	4	Horizont	14	396	0.0999	6.52096	2.2144	8	NA	2	3	2
140	5	flimmern	2	483	0.3594	6.62155	2.66516	8	NA	1	3	3
140	6	in	17286	394	0.78688	10.44692	1.12151	2	NA	5	2	2
140	7	der	33429	219	0.85392	6.55093	2.31493	3	NA	5	3	1
140	8	Sonne	NA	NA	NA	NA	0.71079	6	NA	NA	1	NA
141	1	Den	NA	NA	NA	NA	1.85543	3	NA	NA	2	NA
141	2	ganzen	137	197	0	6.61735	2.83593	6	NA	3	3	1
141	3	Tag	267	396	0	6.60187	0.20204	3	NA	3	1	2
141	4	über	2638	396	0.10683	6.42835	2.88092	4	NA	4	3	2
141	5	konnte	367	396	0.66474	4.34233	8.83625	6	NA	3	5	2
141	6	man	1893	636	0.40968	17.40546	5.6196	3	NA	4	5	3
141	7	die	30483	378	0.91629	6.31847	2.97029	3	NA	5	3	2
141	8	Raben	2	430	1.20221	6.48133	1.04419	5	NA	1	2	3
141	9	krächzen	1	425	1.2967	6.58696	4.40751	8	NA	1	4	3
141	10	hören	NA	NA	NA	NA	3.11903	6	NA	NA	3	NA
142	1	Vor	NA	NA	NA	NA	3.15662	3	NA	NA	3	NA
142	2	dem	6578	197	0	6.59812	1.28977	3	NA	4	2	1
142	3	Auftritt	36	396	0	6.63445	0.71914	8	NA	2	1	2
142	4	schminken	2	406	0.15211	6.58696	2.65995	9	NA	1	3	3
142	5	die	30483	378	0.38616	10.59239	1.73807	3	NA	5	2	2
142	6	Schauspieler	37	372	0.78256	6.54856	0.77978	12	NA	2	1	2
142	7	sich	NA	NA	NA	NA	7.95378	5	NA	NA	5	NA
143	1	Die	NA	NA	NA	NA	2.0456	3	NA	NA	3	NA
143	2	zwei	924	197	0	6.61735	6.96436	4	NA	3	5	1
143	3	frechen	3	474	0	6.5053	3.15385	7	NA	1	3	3
143	4	Jungs	16	500	0.09336	10.72189	0.24471	5	NA	2	1	3
143	5	heucheln	1	345	0.79027	6.42835	2.10384	8	NA	1	3	2
143	6	Unschuld	NA	NA	NA	NA	4.94429	9	NA	NA	4	NA
144	1	Manche	NA	NA	NA	NA	5.93747	6	NA	NA	5	NA
144	2	Menschen	616	197	0	5.95961	1.32205	8	NA	3	2	1
144	3	stottern	1	396	0	6.498	8.76992	8	NA	1	5	2
144	4	bei	2956	429	0.13786	9.88174	6.57951	3	NA	4	5	3
144	5	Nervosität	NA	NA	NA	NA	1.87366	11	NA	NA	2	NA
