1 1 0 0 181
1 1 60 154 181
1 1 44 160 270
1 1 134 138 199
1 1 157 159 310
1 1 222 146 301
1 1 305 157 133
1 1 343 161 371
1 1 428 155 202
1 2 0 0 208
1 2 54 178 470
1 2 160 154 220
1 2 216 161 299
1 2 288 160 285
1 2 346 157 98
1 2 393 164 185
1 2 441 163 112
1 3 0 0 171
1 3 50 167 161
1 3 40 164 246
1 3 93 156 147
1 3 138 157 156
1 3 194 160 413
1 3 290 150 192
1 3 313 163 307
1 3 399 145 372
1 4 0 0 154
1 4 50 114 296
1 4 68 165 177
1 4 118 166 165
1 4 157 161 419
1 4 261 156 292
1 4 315 164 94
1 4 365 168 221
1 4 432 163 212
1 5 0 0 260
1 5 44 230 178
1 5 35 171 179
1 5 92 152 533
1 5 206 156 300
1 5 282 172 214
1 5 349 160 244
1 5 402 159 141
1 5 454 156 178
1 6 0 0 166
1 6 43 142 362
1 6 95 162 192
1 6 139 164 133
1 6 184 148 142
1 6 227 157 245
1 6 314 161 178
1 6 363 163 255
1 6 417 161 90
1 6 446 164 346
1 7 0 0 218
1 7 18 164 249
1 7 91 139 398
1 7 200 154 135
1 7 219 162 127
1 7 251 160 320
1 7 335 150 88
1 7 398 159 204
1 8 0 0 252
1 8 19 168 288
1 8 59 155 218
1 8 138 173 258
1 8 194 151 137
1 8 236 159 99
1 8 272 161 123
1 8 303 159 316
1 8 385 156 350
1 9 0 0 214
1 9 47 153 359
1 9 103 160 243
1 9 191 170 441
1 9 278 160 272
1 9 347 152 337
1 9 418 155 225
1 10 0 0 191
1 10 36 161 286
1 10 89 161 173
1 10 154 160 236
1 10 215 166 375
1 10 299 175 320
1 10 408 157 448
1 10 474 161 240
1 11 0 0 239
1 11 42 159 592
1 11 147 168 235
1 11 185 162 255
1 11 243 151 190
1 11 275 158 298
1 11 365 158 193
1 11 421 163 229
1 12 0 0 215
1 12 23 142 163
1 12 34 160 261
1 12 100 165 330
1 12 185 155 207
1 12 229 164 181
1 12 300 166 128
1 12 345 157 195
1 12 376 161 60
1 12 396 158 290
1 12 454 180 152
1 12 495 161 146
1 13 0 0 270
1 13 28 172 209
1 13 43 163 408
1 13 130 153 369
1 13 218 157 136
1 13 253 155 265
1 13 334 162 321
1 13 460 177 355
1 14 0 0 215
1 14 24 182 318
1 14 72 163 424
1 14 161 142 481
1 14 258 161 234
1 14 321 158 392
1 14 407 161 261
1 15 0 0 240
1 15 33 149 229
1 15 71 165 196
1 15 123 171 126
1 15 154 165 344
1 15 249 170 158
1 15 301 161 156
1 15 347 165 291
1 15 429 158 222
1 16 0 0 264
1 16 18 161 363
1 16 86 168 129
1 16 156 161 155
1 16 190 161 300
1 16 276 181 441
1 16 344 158 105
1 16 394 168 130
1 16 442 159 207
1 17 0 0 240
1 17 55 177 346
1 17 110 166 118
1 17 144 163 149
1 17 190 159 177
1 17 237 148 290
1 17 318 161 253
1 17 388 170 316
1 17 441 165 193
1 18 0 0 250
1 18 43 182 167
1 18 36 159 131
1 18 63 158 466
1 18 167 155 386
1 18 227 149 441
1 18 336 144 209
1 18 375 161 228
1 18 430 158 257
1 19 0 0 174
1 19 49 155 479
1 19 118 167 178
1 19 164 164 151
1 19 220 169 271
1 19 295 170 193
1 19 345 161 223
1 20 0 0 208
1 20 16 150 264
1 20 77 163 135
1 20 114 160 130
1 20 166 157 155
1 20 213 164 228
1 20 261 163 137
1 20 310 151 211
1 20 362 161 138
1 20 405 163 507
1 21 0 0 170
1 21 39 163 438
1 21 102 159 264
1 21 180 160 154
1 21 226 162 131
1 21 270 160 294
1 21 370 162 240
1 21 404 161 429
1 22 0 0 267
1 22 5 160 191
1 22 79 167 325
1 22 176 153 283
1 22 228 165 129
1 22 290 155 237
1 22 337 153 111
1 22 390 167 296
1 22 456 156 211
1 23 0 0 225
1 23 8 146 193
1 23 46 159 315
1 23 106 153 281
1 23 208 171 143
1 23 217 158 170
1 23 276 166 290
1 23 380 161 156
1 23 408 162 179
1 23 468 158 150
1 24 0 0 216
1 24 22 175 506
1 24 135 140 270
1 24 209 153 163
1 24 243 157 144
1 24 273 157 317
1 24 351 154 273
1 24 458 145 299
1 25 0 0 211
1 25 38 170 405
1 25 130 153 408
1 25 229 167 174
1 25 263 157 121
1 25 308 156 120
1 25 376 162 221
1 25 421 161 148
1 26 0 0 181
1 26 26 169 423
1 26 74 158 107
1 26 118 161 333
1 26 179 164 293
1 26 247 161 159
1 26 304 160 169
1 26 340 164 243
1 26 401 161 303
1 27 0 0 253
1 27 46 153 455
1 27 108 163 153
1 27 142 158 103
1 27 187 159 441
1 27 341 147 431
1 27 401 147 239
1 28 0 0 269
1 28 13 150 373
1 28 81 172 107
1 28 132 155 190
1 28 193 171 286
1 28 258 160 196
1 28 314 162 266
1 28 383 163 372
1 28 460 154 168
1 29 0 0 273
1 29 49 156 167
1 29 72 163 200
1 29 125 160 304
1 29 211 160 239
1 29 260 159 144
1 29 296 161 343
1 29 389 160 312
1 29 427 154 139
1 30 0 0 228
1 30 69 156 757
1 30 210 165 415
1 30 270 154 213
1 30 311 162 275
1 30 396 169 161
1 31 0 0 243
1 31 54 164 448
1 31 144 153 302
1 31 178 160 93
1 31 201 156 135
1 31 241 162 275
1 31 335 156 316
1 31 403 167 346
1 31 475 153 176
1 32 0 0 275
1 32 37 170 352
1 32 113 165 98
1 32 134 163 305
1 32 224 140 295
1 32 314 159 188
1 32 359 159 156
1 32 412 161 170
1 33 0 0 208
1 33 59 160 162
1 33 46 158 183
1 33 96 156 342
1 33 182 163 432
1 33 283 177 454
1 33 349 162 133
1 33 402 157 254
1 34 0 0 213
1 34 15 181 286
1 34 73 162 193
1 34 136 161 319
1 34 204 148 266
1 34 249 161 187
1 34 304 174 212
1 34 351 159 260
1 34 428 161 206
1 35 0 0 194
1 35 60 149 324
1 35 124 155 354
1 35 200 143 200
1 35 228 163 265
1 35 288 152 359
1 35 356 161 209
1 35 408 164 310
1 35 466 161 170
1 36 0 0 242
1 36 28 157 357
1 36 109 159 361
1 36 195 146 115
1 36 242 161 178
1 36 276 153 187
1 36 321 160 130
1 36 364 166 318
1 37 0 0 250
1 37 38 169 504
1 37 124 152 137
1 37 172 155 146
1 37 227 156 124
1 37 271 164 144
1 37 314 159 184
1 37 350 162 93
1 37 384 160 328
1 37 466 156 228
1 38 0 0 226
1 38 24 166 180
1 38 38 159 313
1 38 112 160 154
1 38 142 161 265
1 38 218 155 164
1 38 264 162 150
1 38 304 157 270
1 38 370 154 291
1 38 436 164 177
1 38 498 158 212
1 39 0 0 236
1 39 41 180 283
1 39 77 161 133
1 39 114 162 121
1 39 157 157 156
1 39 206 155 376
1 39 313 167 733
1 39 399 181 142
1 40 0 0 202
1 40 17 161 279
1 40 79 163 144
1 40 126 161 256
1 40 209 158 399
1 40 277 163 150
1 40 305 163 142
1 40 370 155 391
1 40 482 144 278
1 41 0 0 234
1 41 38 183 394
1 41 104 164 168
1 41 169 153 218
1 41 214 163 247
1 41 264 157 233
1 41 304 154 411
1 41 424 158 414
1 42 0 0 190
1 42 30 150 191
1 42 75 155 136
1 42 146 157 250
1 42 205 167 68
1 42 245 158 153
1 42 295 155 461
1 42 395 159 444
1 43 0 0 250
1 43 59 178 300
1 43 100 160 159
1 43 153 162 299
1 43 229 167 201
1 43 280 153 148
1 43 336 174 359
1 43 422 156 407
1 43 510 155 221
1 44 0 0 229
1 44 59 137 335
1 44 99 167 193
1 44 150 154 156
1 44 201 162 248
1 44 283 159 343
1 44 350 164 266
1 44 438 158 257
1 45 0 0 270
1 45 45 157 113
1 45 78 161 239
1 45 138 166 157
1 45 191 160 217
1 45 239 160 189
1 45 286 153 211
1 45 331 157 104
1 45 363 165 194
1 45 415 163 279
1 45 481 171 138
1 46 0 0 265
1 46 50 170 610
1 46 131 152 397
1 46 229 161 245
1 46 264 159 275
1 46 336 137 174
1 46 390 153 216
1 46 443 160 157
1 47 0 0 244
1 47 11 130 116
1 47 71 160 237
1 47 138 160 139
1 47 201 161 326
1 47 253 147 108
1 47 304 165 323
1 47 369 159 69
1 47 423 166 272
1 47 479 161 199
1 48 0 0 182
1 48 37 170 479
1 48 109 155 175
1 48 159 152 139
1 48 210 161 201
1 48 263 159 150
1 48 293 160 119
1 48 320 158 294
1 48 422 153 123
1 48 428 161 170
1 48 469 161 191
2 1 0 0 278
2 1 89 186 150
2 1 50 160 311
2 1 147 158 205
2 1 163 157 319
2 1 239 165 450
2 1 346 158 481
2 1 423 160 203
2 2 0 0 258
2 2 26 136 163
2 2 74 158 210
2 2 151 164 204
2 2 232 151 361
2 2 325 182 143
2 2 358 168 110
2 2 394 165 144
2 2 443 158 106
2 3 0 0 262
2 3 43 186 586
2 3 134 152 635
2 3 254 163 323
2 3 316 161 311
2 3 393 167 194
2 3 445 170 187
2 4 0 0 236
2 4 44 155 427
2 4 117 156 294
2 4 189 157 332
2 4 247 152 336
2 4 372 160 323
2 4 430 155 161
2 5 0 0 201
2 5 33 171 325
2 5 90 161 313
2 5 189 159 365
2 5 289 148 144
2 5 344 163 143
2 5 370 159 269
2 5 461 158 253
2 6 0 0 224
2 6 56 175 306
2 6 69 159 280
2 6 139 160 243
2 6 229 168 576
2 6 345 153 246
2 6 423 157 478
2 7 0 0 277
2 7 43 167 334
2 7 151 142 431
2 7 210 161 131
2 7 248 158 332
2 7 329 160 117
2 7 401 154 207
2 8 0 0 193
2 8 1 160 293
2 8 71 146 232
2 8 127 162 255
2 8 194 157 103
2 8 246 162 285
2 8 307 164 289
2 8 379 160 197
2 8 411 165 224
2 9 0 0 244
2 9 29 141 183
2 9 47 160 198
2 9 103 158 70
2 9 144 162 183
2 9 187 157 152
2 9 239 164 130
2 9 288 159 172
2 9 342 167 309
2 9 412 155 164
2 10 0 0 254
2 10 50 165 295
2 10 79 158 215
2 10 152 162 105
2 10 219 167 449
2 10 310 153 285
2 10 388 160 160
2 10 429 160 199
2 10 473 156 123
2 11 0 0 213
2 11 40 149 561
2 11 143 161 402
2 11 214 153 104
2 11 241 165 181
2 11 272 160 285
2 11 354 172 238
2 11 425 168 160
2 12 0 0 199
2 12 17 169 168
2 12 34 158 342
2 12 116 160 307
2 12 191 165 215
2 12 239 160 282
2 12 340 164 598
2 12 464 170 400
2 13 0 0 194
2 13 30 144 295
2 13 74 171 112
2 13 106 160 347
2 13 191 159 107
2 13 225 163 397
2 13 328 178 195
2 13 376 151 326
2 14 0 0 213
2 14 5 146 462
2 14 106 159 204
2 14 132 156 386
2 14 235 167 309
2 14 315 149 302
2 14 391 168 172
2 14 432 159 172
2 15 0 0 235
2 15 33 119 98
2 15 72 165 393
2 15 160 166 278
2 15 259 153 348
2 15 354 163 388
2 15 422 174 124
2 16 0 0 242
2 16 29 153 355
2 16 120 143 243
2 16 154 162 269
2 16 230 156 173
2 16 282 154 284
2 16 339 157 150
2 16 394 164 173
2 16 442 160 131
2 17 0 0 229
2 17 54 152 195
2 17 68 162 307
2 17 143 165 99
2 17 186 161 210
2 17 239 167 235
2 17 307 166 320
2 17 382 137 260
2 17 435 159 179
2 18 0 0 203
2 18 25 157 502
2 18 112 156 266
2 18 174 154 290
2 18 226 158 255
2 18 286 162 343
2 18 364 166 281
2 18 435 160 189
2 19 0 0 212
2 19 56 182 331
2 19 73 158 86
2 19 127 151 151
2 19 178 158 207
2 19 214 162 80
2 19 251 164 175
2 19 293 157 125
2 19 344 157 138
2 20 0 0 239
2 20 31 184 348
2 20 78 156 115
2 20 116 160 142
2 20 158 160 351
2 20 271 165 539
2 20 371 167 210
2 20 404 155 95
2 20 435 162 299
2 21 0 0 231
2 21 69 168 708
2 21 167 155 434
2 21 278 157 360
2 21 358 158 172
2 21 397 155 289
2 21 458 155 183
2 22 0 0 244
2 22 20 162 247
2 22 78 157 132
2 22 129 156 250
2 22 205 159 252
2 22 277 171 197
2 22 325 158 306
2 22 406 144 328
2 23 0 0 218
2 23 52 148 201
2 23 44 161 115
2 23 76 160 479
2 23 193 140 397
2 23 281 165 96
2 23 332 162 304
2 23 409 160 247
2 23 456 156 150
2 24 0 0 248
2 24 45 145 317
2 24 68 158 103
2 24 144 156 414
2 24 242 163 292
2 24 310 164 254
2 24 386 154 157
2 24 445 155 150
2 25 0 0 261
2 25 48 172 254
2 25 82 164 158
2 25 139 148 123
2 25 183 165 309
2 25 258 164 127
2 25 313 158 213
2 25 375 176 180
2 25 437 147 245
2 26 0 0 219
2 26 31 169 294
2 26 50 160 243
2 26 120 167 336
2 26 186 160 269
2 26 253 144 239
2 26 311 165 380
2 26 384 168 185
2 26 423 158 157
2 27 0 0 253
2 27 61 187 222
2 27 43 159 453
2 27 131 162 193
2 27 186 159 165
2 27 226 159 217
2 27 310 160 393
2 27 420 156 281
2 28 0 0 193
2 28 13 168 337
2 28 73 155 200
2 28 138 158 159
2 28 189 159 114
2 28 222 157 126
2 28 259 158 154
2 28 314 153 242
2 28 382 148 260
2 28 430 161 111
2 28 456 164 148
2 29 0 0 215
2 29 52 153 247
2 29 74 160 190
2 29 115 161 320
2 29 203 156 494
2 29 298 155 292
2 29 389 161 300
2 29 423 157 187
2 30 0 0 218
2 30 60 157 185
2 30 39 159 233
2 30 115 154 233
2 30 159 162 158
2 30 197 155 206
2 30 273 165 287
2 30 314 163 291
2 30 396 162 138
2 31 0 0 217
2 31 34 156 490
2 31 158 153 408
2 31 205 161 279
2 31 282 154 157
2 31 320 161 265
2 31 401 167 273
2 31 439 171 255
2 32 0 0 233
2 32 48 154 319
2 32 115 164 303
2 32 171 174 146
2 32 220 159 89
2 32 267 165 192
2 32 319 161 338
2 32 412 159 296
2 33 0 0 215
2 33 59 195 174
2 33 40 163 154
2 33 87 163 176
2 33 140 164 180
2 33 188 161 316
2 33 282 171 423
2 33 357 171 144
2 33 412 165 165
2 34 0 0 184
2 34 16 190 302
2 34 79 155 189
2 34 134 162 288
2 34 206 168 379
2 34 273 160 284
2 34 385 154 259
2 34 394 160 89
2 34 424 158 177
2 35 0 0 190
2 35 46 132 334
2 35 116 161 126
2 35 156 160 128
2 35 190 155 405
2 35 284 165 339
2 35 334 160 161
2 35 369 165 454
2 35 475 154 256
2 36 0 0 253
2 36 23 177 190
2 36 70 158 322
2 36 141 169 304
2 36 243 159 159
2 36 239 159 147
2 36 277 157 134
2 36 318 163 112
2 36 358 158 138
2 36 390 160 211
2 37 0 0 193
2 37 7 170 248
2 37 69 164 465
2 37 166 135 284
2 37 230 160 305
2 37 312 157 399
2 37 392 154 425
2 37 467 169 180
2 38 0 0 262
2 38 78 144 170
2 38 40 157 180
2 38 70 163 113
2 38 104 163 121
2 38 145 159 143
2 38 175 160 314
2 38 259 151 318
2 38 341 166 155
2 38 337 159 129
2 38 380 160 279
2 38 453 157 153
2 38 491 158 159
2 39 0 0 212
2 39 32 158 440
2 39 121 156 193
2 39 158 160 159
2 39 194 161 240
2 39 259 165 162
2 39 306 157 100
2 39 336 167 417
2 39 440 158 264
2 40 0 0 180
2 40 66 161 182
2 40 38 160 89
2 40 82 164 330
2 40 162 148 153
2 40 200 155 301
2 40 280 155 93
2 40 311 159 283
2 40 423 152 337
2 40 482 155 186
2 41 0 0 246
2 41 57 181 269
2 41 69 161 300
2 41 162 157 294
2 41 205 164 247
2 41 266 164 353
2 41 337 176 234
2 41 404 172 169
2 41 455 162 160
2 42 0 0 238
2 42 58 156 270
2 42 82 160 133
2 42 134 165 232
2 42 204 157 125
2 42 249 156 162
2 42 292 158 327
2 42 383 150 279
2 42 435 161 144
2 43 0 0 265
2 43 31 157 340
2 43 109 164 129
2 43 157 165 308
2 43 234 155 312
2 43 345 157 421
2 43 431 169 152
2 43 439 162 234
2 43 494 162 207
2 44 0 0 182
2 44 31 168 550
2 44 138 156 291
2 44 193 157 303
2 44 269 156 304
2 44 353 169 432
2 44 457 148 282
2 45 0 0 165
2 45 39 174 369
2 45 92 162 150
2 45 137 154 118
2 45 191 159 226
2 45 236 155 178
2 45 296 162 184
2 45 331 150 235
2 45 384 165 151
2 45 426 162 129
2 45 474 158 177
2 46 0 0 206
2 46 21 130 456
2 46 97 157 114
2 46 126 159 326
2 46 224 167 399
2 46 296 166 237
2 46 350 162 183
2 46 379 158 135
2 46 406 157 227
2 47 0 0 258
2 47 33 167 352
2 47 136 158 464
2 47 240 162 252
2 47 307 162 307
2 47 374 154 104
2 47 423 163 430
2 48 0 0 260
2 48 15 153 295
2 48 70 157 249
2 48 108 157 230
2 48 219 152 400
2 48 287 163 305
2 48 363 155 373
2 48 428 156 156
2 48 469 172 230
3 1 0 0 247
3 1 40 154 328
3 1 84 157 263
3 1 168 170 502
3 1 294 139 354
3 1 335 164 382
3 1 427 157 163
3 2 0 0 230
3 2 38 157 396
3 2 170 166 181
3 2 160 161 87
3 2 210 163 319
3 2 299 166 453
3 2 387 167 315
3 3 0 0 234
3 3 33 227 242
3 3 41 148 125
3 3 69 162 249
3 3 141 164 150
3 3 188 164 279
3 3 263 159 331
3 3 306 167 117
3 3 345 158 147
3 3 417 154 159
3 3 439 157 208
3 4 0 0 229
3 4 51 151 438
3 4 116 171 353
3 4 185 162 223
3 4 248 173 368
3 4 310 170 184
3 4 376 157 138
3 4 445 159 247
3 5 0 0 215
3 5 37 148 183
3 5 40 161 96
3 5 108 161 224
3 5 157 152 310
3 5 233 160 136
3 5 291 161 299
3 5 361 132 278
3 5 409 163 104
3 5 452 160 202
3 6 0 0 200
3 6 24 159 221
3 6 73 170 268
3 6 137 151 349
3 6 236 145 364
3 6 304 155 154
3 6 358 168 258
3 6 425 159 240
3 6 478 152 229
3 7 0 0 259
3 7 24 141 193
3 7 80 164 184
3 7 163 169 372
3 7 255 154 350
3 7 296 161 228
3 7 384 153 341
3 8 0 0 192
3 8 15 158 178
3 8 31 161 75
3 8 65 163 237
3 8 124 150 236
3 8 195 158 292
3 8 258 153 171
3 8 302 154 146
3 8 336 169 286
3 8 408 158 197
3 9 0 0 201
3 9 55 125 189
3 9 47 163 131
3 9 93 169 259
3 9 182 157 296
3 9 236 158 123
3 9 288 159 224
3 9 339 148 327
3 9 420 155 207
3 10 0 0 244
3 10 79 149 224
3 10 85 161 184
3 10 158 165 317
3 10 264 162 231
3 10 307 161 152
3 10 355 166 89
3 10 389 161 121
3 10 430 160 119
3 10 477 161 257
3 11 0 0 178
3 11 31 168 311
3 11 64 160 96
3 11 101 159 216
3 11 154 165 180
3 11 221 142 200
3 11 246 162 124
3 11 280 162 157
3 11 302 163 132
3 11 342 158 172
3 11 415 168 226
3 12 0 0 219
3 12 72 151 309
3 12 58 162 164
3 12 124 148 95
3 12 151 163 321
3 12 241 160 161
3 12 295 162 295
3 12 371 156 481
3 12 460 172 324
3 13 0 0 233
3 13 67 164 523
3 13 156 165 537
3 13 250 167 361
3 13 333 172 310
3 13 418 157 230
3 14 0 0 228
3 14 27 178 280
3 14 73 150 150
3 14 101 159 304
3 14 162 163 247
3 14 214 155 152
3 14 257 156 156
3 14 310 163 220
3 14 379 162 142
3 14 435 154 187
3 15 0 0 209
3 15 17 164 235
3 15 76 164 392
3 15 151 158 189
3 15 201 157 335
3 15 282 160 168
3 15 341 169 172
3 15 391 158 147
3 15 430 161 126
3 16 0 0 287
3 16 21 156 193
3 16 65 164 126
3 16 117 163 177
3 16 152 165 303
3 16 227 158 144
3 16 286 157 466
3 16 396 144 191
3 16 391 161 229
3 17 0 0 188
3 17 43 146 396
3 17 101 166 283
3 17 192 169 293
3 17 232 166 124
3 17 271 152 104
3 17 310 156 159
3 17 354 160 147
3 17 397 163 190
3 17 438 155 87
3 18 0 0 223
3 18 50 149 292
3 18 69 161 281
3 18 152 153 164
3 18 170 155 257
3 18 221 155 260
3 18 306 154 431
3 18 365 168 432
3 19 0 0 230
3 19 32 172 267
3 19 76 150 298
3 19 169 156 215
3 19 209 160 121
3 19 240 168 115
3 19 292 156 177
3 19 354 155 213
3 20 0 0 233
3 20 38 155 209
3 20 73 160 173
3 20 120 167 189
3 20 156 158 103
3 20 196 163 169
3 20 259 150 392
3 20 333 146 399
3 20 442 150 208
3 20 466 158 126
3 21 0 0 231
3 21 41 176 547
3 21 117 162 161
3 21 176 157 218
3 21 219 156 151
3 21 272 165 267
3 21 360 174 232
3 21 401 160 251
3 21 465 156 176
3 22 0 0 181
3 22 11 173 272
3 22 81 152 586
3 22 209 150 364
3 22 273 162 135
3 22 336 159 324
3 22 423 144 308
3 23 0 0 228
3 23 39 159 418
3 23 108 147 443
3 23 197 170 262
3 23 274 161 281
3 23 376 164 189
3 23 402 166 169
3 23 454 152 156
3 24 0 0 244
3 24 29 169 277
3 24 79 157 209
3 24 133 154 141
3 24 201 150 149
3 24 239 163 146
3 24 278 159 317
3 24 344 155 264
3 24 448 157 288
3 25 0 0 232
3 25 36 145 197
3 25 86 156 321
3 25 180 140 387
3 25 265 176 193
3 25 311 163 143
3 25 372 161 184
3 25 428 163 127
3 26 0 0 248
3 26 37 153 513
3 26 118 147 361
3 26 178 145 121
3 26 207 161 361
3 26 313 157 239
3 26 340 162 439
3 26 424 164 170
3 27 0 0 177
3 27 23 161 668
3 27 129 153 332
3 27 173 162 149
3 27 228 163 92
3 27 254 161 112
3 27 315 163 212
3 27 367 162 126
3 27 404 157 235
3 28 0 0 237
3 28 0 177 186
3 28 38 158 246
3 28 146 159 253
3 28 190 165 321
3 28 264 160 152
3 28 310 156 241
3 28 395 154 163
3 28 383 159 115
3 28 440 163 290
3 29 0 0 236
3 29 15 126 185
3 29 72 183 361
3 29 176 164 329
3 29 246 170 211
3 29 310 154 216
3 29 338 158 287
3 29 408 158 234
3 30 0 0 203
3 30 57 147 448
3 30 122 159 455
3 30 212 150 183
3 30 270 167 185
3 30 314 158 118
3 30 341 157 154
3 30 395 160 237
3 31 0 0 246
3 31 61 152 324
3 31 94 161 131
3 31 141 170 117
3 31 187 159 145
3 31 212 154 304
3 31 267 168 127
3 31 320 160 312
3 31 394 165 201
3 31 441 158 165
3 31 475 157 138
3 32 0 0 223
3 32 78 145 335
3 32 113 161 268
3 32 179 159 307
3 32 270 168 222
3 32 323 162 287
3 32 407 150 306
3 33 0 0 266
3 33 54 170 287
3 33 96 158 168
3 33 142 162 397
3 33 256 157 121
3 33 280 157 253
3 33 352 162 136
3 33 403 160 181
3 34 0 0 166
3 34 42 175 427
3 34 134 150 445
3 34 211 173 534
3 34 304 174 205
3 34 364 157 275
3 34 424 151 167
3 35 0 0 230
3 35 51 160 304
3 35 119 164 325
3 35 183 155 207
3 35 230 158 270
3 35 282 161 391
3 35 361 167 336
3 35 438 164 408
3 36 0 0 209
3 36 42 142 209
3 36 68 159 272
3 36 150 141 146
3 36 190 165 298
3 36 276 150 290
3 36 323 159 90
3 36 354 161 313
3 37 0 0 261
3 37 23 157 264
3 37 72 146 417
3 37 160 148 173
3 37 225 163 212
3 37 270 160 121
3 37 318 162 265
3 37 376 159 269
3 37 435 165 129
3 37 465 159 146
3 38 0 0 219
3 38 39 133 294
3 38 79 161 159
3 38 110 165 153
3 38 140 161 93
3 38 173 160 349
3 38 280 170 334
3 38 332 163 141
3 38 374 150 118
3 38 420 172 133
3 38 452 157 127
3 38 487 154 204
3 39 0 0 182
3 39 20 172 294
3 39 78 160 306
3 39 154 163 414
3 39 268 157 144
3 39 308 155 273
3 39 357 165 202
3 39 427 165 299
3 40 0 0 188
3 40 39 154 258
3 40 78 159 203
3 40 128 149 298
3 40 206 159 204
3 40 245 164 215
3 40 309 166 137
3 40 365 147 170
3 40 422 158 140
3 40 441 160 104
3 40 473 163 159
3 41 0 0 240
3 41 32 149 235
3 41 61 163 294
3 41 133 155 138
3 41 211 162 336
3 41 266 165 304
3 41 353 162 351
3 41 411 158 97
3 41 465 169 195
3 42 0 0 231
3 42 33 167 236
3 42 86 159 176
3 42 140 167 189
3 42 207 168 330
3 42 279 154 146
3 42 328 157 377
3 42 394 153 178
3 43 0 0 177
3 43 14 160 300
3 43 101 155 386
3 43 183 152 127
3 43 232 164 372
3 43 345 168 393
3 43 410 158 383
3 43 497 157 247
3 44 0 0 233
3 44 -3 176 159
3 44 35 155 259
3 44 99 154 202
3 44 154 165 289
3 44 239 173 323
3 44 329 164 158
3 44 350 158 88
3 44 387 160 135
3 44 437 164 240
3 45 0 0 178
3 45 75 136 431
3 45 143 163 317
3 45 211 155 112
3 45 233 163 148
3 45 288 163 202
3 45 329 158 201
3 45 395 161 461
3 46 0 0 215
3 46 59 152 281
3 46 72 161 249
3 46 125 153 407
3 46 229 170 205
3 46 265 164 184
3 46 295 160 164
3 46 348 154 334
3 46 411 154 310
3 47 0 0 278
3 47 21 156 386
3 47 128 176 319
3 47 195 144 319
3 47 250 170 110
3 47 299 160 146
3 47 328 162 120
3 47 373 165 124
3 47 423 159 337
3 47 477 168 135
3 48 0 0 243
3 48 14 163 340
3 48 75 158 145
3 48 108 164 183
3 48 163 158 143
3 48 220 160 297
3 48 286 172 165
3 48 315 158 458
3 48 432 177 403
4 1 0 0 207
4 1 58 160 477
4 1 132 160 136
4 1 162 163 81
4 1 193 162 215
4 1 248 159 132
4 1 285 155 82
4 1 307 161 144
4 1 339 156 353
4 1 429 171 182
4 2 0 0 154
4 2 30 153 212
4 2 93 159 248
4 2 159 152 250
4 2 237 163 651
4 2 391 162 278
4 2 443 166 206
4 3 0 0 183
4 3 41 148 197
4 3 40 161 364
4 3 137 171 205
4 3 186 156 295
4 3 255 159 236
4 3 315 165 501
4 3 435 180 310
4 4 0 0 274
4 4 54 171 305
4 4 71 160 105
4 4 114 158 172
4 4 151 163 259
4 4 217 160 431
4 4 316 164 193
4 4 373 155 200
4 4 431 162 142
4 5 0 0 283
4 5 70 162 302
4 5 96 159 265
4 5 181 156 134
4 5 240 162 179
4 5 297 161 262
4 5 375 156 260
4 5 413 156 262
4 6 0 0 165
4 6 63 173 600
4 6 138 171 313
4 6 236 160 309
4 6 308 158 137
4 6 361 156 280
4 6 426 157 471
4 7 0 0 223
4 7 55 144 214
4 7 82 160 184
4 7 152 158 149
4 7 205 159 267
4 7 251 152 162
4 7 289 163 171
4 7 395 185 361
4 8 0 0 241
4 8 28 106 128
4 8 61 157 146
4 8 127 161 232
4 8 202 156 177
4 8 240 162 121
4 8 276 160 275
4 8 342 150 358
4 8 410 159 158
4 9 0 0 210
4 9 47 135 193
4 9 52 161 148
4 9 110 158 270
4 9 192 167 428
4 9 315 154 176
4 9 286 164 115
4 9 337 157 173
4 9 373 155 114
4 9 423 149 182
4 10 0 0 200
4 10 22 172 302
4 10 93 159 208
4 10 156 164 164
4 10 214 155 303
4 10 274 157 268
4 10 349 169 437
4 10 450 180 300
4 11 0 0 218
4 11 67 152 579
4 11 141 164 333
4 11 214 151 97
4 11 244 159 173
4 11 274 152 123
4 11 302 156 156
4 11 349 161 217
4 11 410 164 146
4 12 0 0 222
4 12 -4 181 171
4 12 33 161 223
4 12 112 164 386
4 12 184 171 366
4 12 306 124 270
4 12 350 168 193
4 12 373 156 358
4 12 451 157 159
4 12 495 154 146
4 13 0 0 163
4 13 35 149 309
4 13 78 158 290
4 13 140 152 314
4 13 233 163 133
4 13 256 157 243
4 13 338 163 320
4 13 409 155 193
4 14 0 0 261
4 14 24 171 616
4 14 121 162 311
4 14 194 162 264
4 14 251 158 100
4 14 324 159 181
4 14 359 161 263
4 14 441 157 235
4 15 0 0 199
4 15 23 157 264
4 15 80 166 184
4 15 126 161 258
4 15 215 157 335
4 15 296 159 255
4 15 345 158 280
4 15 426 183 226
4 16 0 0 202
4 16 22 129 153
4 16 67 153 372
4 16 151 150 342
4 16 229 164 200
4 16 275 161 147
4 16 310 158 119
4 16 338 157 170
4 16 406 158 119
4 16 443 154 219
4 17 0 0 277
4 17 57 159 465
4 17 140 146 142
4 17 182 162 494
4 17 311 165 413
4 17 390 164 227
4 17 440 159 238
4 18 0 0 211
4 18 23 165 487
4 18 111 176 313
4 18 163 155 246
4 18 222 166 244
4 18 295 171 304
4 18 352 142 347
4 18 424 155 229
4 19 0 0 183
4 19 56 138 249
4 19 73 158 315
4 19 166 160 278
4 19 213 151 302
4 19 277 166 119
4 19 341 156 208
4 20 0 0 207
4 20 29 149 212
4 20 71 159 234
4 20 124 162 442
4 20 285 159 163
4 20 265 158 381
4 20 356 164 367
4 20 435 156 294
4 21 0 0 216
4 21 41 167 519
4 21 124 157 252
4 21 186 161 281
4 21 261 136 375
4 21 348 159 184
4 21 403 160 400
4 22 0 0 195
4 22 28 148 253
4 22 83 156 557
4 22 200 157 339
4 22 285 163 402
4 22 394 153 322
4 22 454 161 170
4 23 0 0 231
4 23 45 134 183
4 23 41 163 94
4 23 79 165 242
4 23 132 163 302
4 23 210 165 256
4 23 289 162 427
4 23 416 154 177
4 23 405 161 323
4 24 0 0 186
4 24 79 124 275
4 24 75 164 207
4 24 127 156 139
4 24 202 168 348
4 24 277 163 344
4 24 351 173 258
4 24 443 158 266
4 25 0 0 231
4 25 44 135 408
4 25 131 153 67
4 25 182 158 538
4 25 311 157 502
4 25 424 144 257
4 26 0 0 215
4 26 43 182 622
4 26 110 155 79
4 26 156 165 114
4 26 191 163 351
4 26 244 159 76
4 26 298 161 490
4 26 404 157 80
4 26 424 160 179
4 27 0 0 208
4 27 26 164 293
4 27 68 163 120
4 27 102 160 125
4 27 150 164 179
4 27 188 161 445
4 27 310 169 158
4 27 311 159 140
4 27 376 157 143
4 27 409 152 186
4 28 0 0 203
4 28 31 141 506
4 28 164 160 212
4 28 190 160 273
4 28 260 157 162
4 28 312 157 331
4 28 380 155 180
4 28 424 164 140
4 28 462 161 139
4 29 0 0 201
4 29 36 159 284
4 29 68 158 174
4 29 122 159 282
4 29 201 149 266
4 29 248 163 93
4 29 263 160 428
4 29 378 155 491
4 30 0 0 235
4 30 29 146 302
4 30 76 152 149
4 30 120 167 129
4 30 157 159 284
4 30 239 159 276
4 30 309 164 350
4 30 403 151 237
4 31 0 0 241
4 31 69 197 230
4 31 54 156 292
4 31 151 153 346
4 31 205 155 160
4 31 242 158 351
4 31 334 155 254
4 31 402 152 305
4 31 478 160 276
4 32 0 0 253
4 32 55 176 341
4 32 111 154 211
4 32 182 155 422
4 32 282 159 207
4 32 318 158 110
4 32 352 157 187
4 32 408 154 178
4 33 0 0 219
4 33 54 161 492
4 33 132 164 203
4 33 192 176 299
4 33 253 160 320
4 33 346 145 182
4 33 406 155 238
4 34 0 0 225
4 34 51 127 345
4 34 136 165 457
4 34 213 162 278
4 34 270 161 122
4 34 303 163 145
4 34 356 160 216
4 34 438 159 172
4 35 0 0 219
4 35 26 134 327
4 35 105 164 183
4 35 147 163 139
4 35 194 161 387
4 35 273 169 334
4 35 341 151 169
4 35 370 160 101
4 35 415 163 293
4 35 462 179 148
4 36 0 0 208
4 36 27 173 616
4 36 131 160 267
4 36 196 151 105
4 36 238 162 195
4 36 281 158 164
4 36 319 153 261
4 36 395 162 194
4 37 0 0 259
4 37 34 201 331
4 37 82 161 149
4 37 103 158 258
4 37 165 147 162
4 37 226 154 122
4 37 258 158 141
4 37 307 157 160
4 37 346 165 417
4 37 464 169 307
4 38 0 0 273
4 38 60 166 333
4 38 75 160 263
4 38 147 156 186
4 38 214 154 205
4 38 258 162 110
4 38 306 158 166
4 38 338 159 266
4 38 407 160 121
4 38 457 155 285
4 39 0 0 227
4 39 43 178 265
4 39 78 157 143
4 39 115 157 187
4 39 157 168 440
4 39 270 156 225
4 39 338 156 394
4 39 422 169 245
4 40 0 0 255
4 40 17 144 173
4 40 81 164 350
4 40 161 166 182
4 40 203 160 249
4 40 270 154 292
4 40 371 157 490
4 40 476 164 313
4 41 0 0 198
4 41 26 143 422
4 41 99 154 189
4 41 150 157 218
4 41 211 158 196
4 41 275 163 439
4 41 361 160 248
4 41 404 158 141
4 41 462 159 182
4 42 0 0 187
4 42 56 147 280
4 42 81 164 187
4 42 147 158 169
4 42 208 158 133
4 42 262 154 98
4 42 289 162 453
4 42 387 163 382
4 43 0 0 208
4 43 38 166 319
4 43 97 157 139
4 43 160 166 118
4 43 197 164 120
4 43 227 161 184
4 43 284 162 160
4 43 348 163 162
4 43 382 167 563
4 43 502 153 321
4 44 0 0 185
4 44 38 151 183
4 44 33 161 125
4 44 60 159 136
4 44 101 156 96
4 44 149 157 157
4 44 197 158 310
4 44 276 159 175
4 44 326 157 97
4 44 354 162 151
4 44 395 160 184
4 44 445 171 138
4 45 0 0 188
4 45 1 148 298
4 45 82 157 179
4 45 142 163 297
4 45 214 158 142
4 45 241 160 143
4 45 285 161 173
4 45 338 160 420
4 45 418 159 199
4 45 469 157 123
4 46 0 0 217
4 46 36 126 409
4 46 116 167 441
4 46 175 157 151
4 46 220 161 285
4 46 301 153 345
4 46 382 164 149
4 46 407 161 138
4 46 444 164 184
4 47 0 0 235
4 47 -3 157 239
4 47 72 154 389
4 47 198 149 439
4 47 267 161 520
4 47 371 160 452
4 47 461 161 224
4 48 0 0 222
4 48 49 168 147
4 48 41 160 323
4 48 111 164 192
4 48 159 163 185
4 48 224 161 335
4 48 291 152 290
4 48 367 163 345
4 48 428 163 82
4 48 468 159 182
5 1 0 0 272
5 1 40 158 162
5 1 47 160 118
5 1 90 163 191
5 1 132 153 415
5 1 240 166 292
5 1 284 160 758
5 1 438 163 342
5 2 0 0 211
5 2 51 167 391
5 2 170 162 631
5 2 289 168 297
5 2 359 153 300
5 2 441 164 251
5 3 0 0 164
5 3 54 153 287
5 3 66 160 241
5 3 157 162 197
5 3 193 162 384
5 3 285 158 209
5 3 310 164 265
5 3 393 147 247
5 3 442 154 178
5 4 0 0 177
5 4 55 93 183
5 4 42 161 123
5 4 76 162 169
5 4 119 158 124
5 4 146 161 285
5 4 199 176 124
5 4 252 149 290
5 4 315 157 164
5 4 378 168 152
5 4 437 163 240
5 5 0 0 241
5 5 48 164 312
5 5 96 160 132
5 5 151 155 221
5 5 210 166 246
5 5 292 147 179
5 5 338 157 357
5 5 458 157 336
5 6 0 0 205
5 6 44 171 470
5 6 106 169 268
5 6 178 160 165
5 6 228 162 298
5 6 302 164 310
5 6 408 158 108
5 6 425 160 183
5 6 449 162 217
5 7 0 0 210
5 7 39 168 297
5 7 81 160 124
5 7 162 166 163
5 7 193 155 270
5 7 250 160 185
5 7 294 169 133
5 7 339 165 161
5 7 400 158 155
5 8 0 0 250
5 8 9 158 203
5 8 66 162 222
5 8 117 163 163
5 8 184 170 218
5 8 244 166 151
5 8 270 158 129
5 8 304 159 323
5 8 376 162 242
5 9 0 0 274
5 9 29 150 376
5 9 87 158 133
5 9 153 153 72
5 9 189 151 374
5 9 291 147 264
5 9 338 158 303
5 9 421 166 218
5 10 0 0 222
5 10 26 167 241
5 10 87 158 264
5 10 168 162 143
5 10 219 156 388
5 10 323 149 328
5 10 387 159 348
5 10 460 160 207
5 11 0 0 247
5 11 57 159 429
5 11 108 156 103
5 11 139 162 321
5 11 221 149 457
5 11 306 155 135
5 11 351 158 194
5 11 417 157 253
5 12 0 0 221
5 12 62 152 300
5 12 56 160 122
5 12 110 154 305
5 12 178 158 237
5 12 254 150 164
5 12 303 155 77
5 12 341 167 128
5 12 377 157 281
5 12 428 164 265
5 12 491 155 179
5 13 0 0 217
5 13 52 164 195
5 13 44 161 238
5 13 105 160 366
5 13 196 150 235
5 13 252 156 468
5 13 392 160 152
5 13 373 158 213
5 13 429 162 183
5 14 0 0 185
5 14 25 148 349
5 14 79 158 229
5 14 122 154 146
5 14 165 155 379
5 14 250 153 225
5 14 320 160 179
5 14 359 165 271
5 14 412 166 102
5 15 0 0 266
5 15 35 162 431
5 15 115 147 215
5 15 163 172 86
5 15 209 171 315
5 15 294 151 195
5 15 343 157 124
5 15 380 158 114
5 15 428 156 166
5 16 0 0 174
5 16 36 155 261
5 16 65 157 75
5 16 117 158 221
5 16 154 158 233
5 16 237 154 279
5 16 287 160 420
5 16 398 169 146
5 16 389 160 202
5 16 444 148 169
5 17 0 0 218
5 17 36 160 289
5 17 68 159 261
5 17 154 175 323
5 17 240 156 339
5 17 314 160 365
5 17 387 160 170
5 17 440 168 201
5 18 0 0 264
5 18 31 166 300
5 18 62 160 267
5 18 140 164 111
5 18 169 167 242
5 18 221 163 337
5 18 293 155 137
5 18 332 161 166
5 18 363 161 287
5 18 425 159 165
5 19 0 0 241
5 19 1 152 196
5 19 83 155 187
5 19 125 164 291
5 19 217 157 206
5 19 248 158 144
5 19 289 158 170
5 19 341 163 115
5 20 0 0 167
5 20 53 160 283
5 20 74 161 153
5 20 116 160 305
5 20 209 159 194
5 20 249 162 165
5 20 311 159 261
5 20 356 162 183
5 20 398 155 244
5 20 469 154 137
5 21 0 0 188
5 21 35 147 279
5 21 71 162 147
5 21 101 164 257
5 21 189 158 284
5 21 224 167 108
5 21 276 168 151
5 21 318 156 139
5 21 350 168 101
5 21 401 163 177
5 21 432 158 296
5 22 0 0 196
5 22 20 159 282
5 22 76 163 109
5 22 122 164 267
5 22 198 166 274
5 22 300 158 260
5 22 339 161 168
5 22 381 158 238
5 22 457 174 208
5 23 0 0 252
5 23 66 170 197
5 23 41 157 299
5 23 112 157 281
5 23 165 175 104
5 23 217 167 428
5 23 322 175 130
5 23 367 152 152
5 23 405 159 135
5 23 453 168 188
5 24 0 0 255
5 24 47 165 408
5 24 131 166 315
5 24 212 162 211
5 24 240 160 117
5 24 274 165 121
5 24 309 168 154
5 24 341 159 283
5 24 437 159 140
5 25 0 0 276
5 25 34 159 110
5 25 88 162 367
5 25 172 157 182
5 25 225 160 139
5 25 262 158 107
5 25 304 155 172
5 25 379 159 192
5 25 425 155 216
5 26 0 0 234
5 26 20 168 641
5 26 125 144 182
5 26 162 159 235
5 26 211 169 130
5 26 253 169 237
5 26 313 157 86
5 26 338 157 393
5 26 424 143 238
5 27 0 0 175
5 27 42 157 161
5 27 40 161 135
5 27 75 162 141
5 27 100 158 169
5 27 138 162 141
5 27 185 159 396
5 27 319 187 449
5 27 405 171 213
5 28 0 0 208
5 28 36 166 325
5 28 72 163 199
5 28 144 171 142
5 28 195 165 236
5 28 253 165 140
5 28 303 158 327
5 28 387 165 407
5 28 461 152 175
5 29 0 0 216
5 29 49 162 200
5 29 73 161 208
5 29 121 159 345
5 29 208 178 552
5 29 300 165 228
5 29 348 162 274
5 29 412 148 179
5 30 0 0 240
5 30 27 170 442
5 30 115 166 238
5 30 163 155 108
5 30 201 159 280
5 30 272 160 463
5 30 381 137 308
5 31 0 0 238
5 31 28 167 319
5 31 95 162 132
5 31 150 163 331
5 31 207 166 323
5 31 288 153 248
5 31 329 151 201
5 31 402 157 232
5 31 437 167 140
5 31 474 152 162
5 32 0 0 191
5 32 63 160 312
5 32 111 163 285
5 32 178 158 162
5 32 236 154 88
5 32 272 159 174
5 32 320 165 285
5 32 430 159 289
5 33 0 0 269
5 33 62 140 466
5 33 140 154 239
5 33 188 166 332
5 33 281 166 633
5 33 390 150 301
5 34 0 0 165
5 34 20 141 318
5 34 73 163 107
5 34 134 157 180
5 34 172 159 327
5 34 245 170 252
5 34 300 164 137
5 34 352 156 449
5 35 0 0 264
5 35 55 202 266
5 35 78 161 189
5 35 120 159 258
5 35 198 157 350
5 35 252 159 183
5 35 284 158 152
5 35 313 157 74
5 35 337 162 287
5 35 411 157 437
5 36 0 0 216
5 36 49 155 225
5 36 72 160 282
5 36 151 151 295
5 36 236 169 498
5 36 318 146 181
5 36 357 157 157
5 36 392 162 144
5 37 0 0 190
5 37 53 174 284
5 37 73 161 371
5 37 180 163 407
5 37 259 161 223
5 37 308 160 108
5 37 348 158 134
5 37 383 161 339
5 37 466 159 298
5 38 0 0 251
5 38 56 127 317
5 38 70 160 300
5 38 141 158 117
5 38 174 162 193
5 38 258 171 252
5 38 305 154 82
5 38 335 161 186
5 38 381 157 132
5 38 410 158 161
5 38 453 164 230
5 39 0 0 181
5 39 52 131 371
5 39 124 166 160
5 39 164 152 134
5 39 195 160 100
5 39 223 162 231
5 39 299 161 473
5 39 406 144 353
5 40 0 0 223
5 40 46 169 261
5 40 74 163 313
5 40 155 159 164
5 40 200 164 299
5 40 277 167 117
5 40 307 159 161
5 40 357 162 151
5 40 413 159 194
5 40 479 162 193
5 41 0 0 190
5 41 33 157 229
5 41 66 160 389
5 41 159 158 165
5 41 223 159 291
5 41 269 157 152
5 41 312 160 440
5 41 416 168 436
5 42 0 0 215
5 42 23 150 313
5 42 136 167 378
5 42 209 165 290
5 42 293 159 535
5 42 371 181 185
5 42 434 158 155
5 43 0 0 209
5 43 53 167 497
5 43 157 162 479
5 43 264 149 257
5 43 330 145 184
5 43 405 161 357
5 43 468 166 317
5 44 0 0 192
5 44 5 124 395
5 44 102 155 250
5 44 150 162 245
5 44 238 160 302
5 44 322 165 125
5 44 346 162 329
5 44 444 163 286
5 45 0 0 214
5 45 27 190 260
5 45 84 158 285
5 45 142 163 152
5 45 184 162 463
5 45 298 169 441
5 45 356 154 278
5 45 418 152 291
5 46 0 0 238
5 46 45 141 449
5 46 105 156 498
5 46 213 184 313
5 46 255 158 115
5 46 298 160 210
5 46 351 157 453
5 46 450 130 241
5 47 0 0 259
5 47 30 154 206
5 47 89 162 127
5 47 139 162 175
5 47 197 159 141
5 47 234 163 310
5 47 304 163 322
5 47 381 160 224
5 47 445 154 113
5 47 482 160 157
5 48 0 0 212
5 48 32 155 305
5 48 72 159 135
5 48 108 154 305
5 48 202 166 272
5 48 266 158 299
5 48 318 157 419
5 48 408 184 196
5 48 474 172 246
6 1 0 0 226
6 1 61 135 497
6 1 127 166 118
6 1 164 158 280
6 1 246 145 293
6 1 310 161 141
6 1 332 162 389
6 1 433 156 296
6 2 0 0 193
6 2 37 164 245
6 2 87 164 206
6 2 159 169 305
6 2 246 164 154
6 2 287 160 398
6 2 405 160 300
6 3 0 0 196
6 3 52 155 582
6 3 139 157 133
6 3 196 159 306
6 3 255 157 234
6 3 314 166 392
6 3 413 160 151
6 3 440 162 121
6 4 0 0 230
6 4 37 163 407
6 4 117 161 367
6 4 178 156 104
6 4 213 165 304
6 4 270 157 332
6 4 365 171 379
6 5 0 0 167
6 5 52 164 174
6 5 41 160 114
6 5 89 165 148
6 5 149 162 304
6 5 223 166 218
6 5 285 160 237
6 5 381 179 398
6 5 451 160 157
6 6 0 0 208
6 6 69 167 441
6 6 108 160 388
6 6 212 176 465
6 6 320 164 232
6 6 363 161 152
6 6 393 161 218
6 6 448 162 177
6 6 476 160 172
6 7 0 0 275
6 7 66 160 262
6 7 87 157 233
6 7 208 155 361
6 7 248 163 210
6 7 300 155 308
6 7 408 167 335
6 8 0 0 209
6 8 35 171 180
6 8 30 160 306
6 8 125 149 299
6 8 184 154 219
6 8 245 159 160
6 8 274 156 316
6 8 349 164 289
6 8 411 161 157
6 9 0 0 239
6 9 43 152 518
6 9 136 133 139
6 9 199 162 371
6 9 288 149 294
6 9 355 159 311
6 9 420 171 238
6 10 0 0 237
6 10 46 141 360
6 10 148 152 255
6 10 215 158 119
6 10 246 160 127
6 10 282 159 243
6 10 360 167 443
6 10 472 153 340
6 11 0 0 216
6 11 34 156 289
6 11 69 165 249
6 11 141 160 297
6 11 215 154 173
6 11 246 160 133
6 11 274 160 128
6 11 299 158 126
6 11 354 164 182
6 11 415 158 171
6 12 0 0 238
6 12 18 166 294
6 12 60 161 165
6 12 101 164 272
6 12 201 158 203
6 12 244 161 395
6 12 355 178 292
6 12 408 160 236
6 12 456 164 156
6 12 494 160 179
6 13 0 0 261
6 13 21 188 217
6 13 46 161 404
6 13 162 149 169
6 13 147 158 122
6 13 193 162 317
6 13 253 162 253
6 13 319 148 139
6 13 373 149 160
6 13 438 155 215
6 14 0 0 171
6 14 31 159 170
6 14 40 161 259
6 14 90 160 285
6 14 163 139 527
6 14 266 172 190
6 14 314 164 250
6 14 383 153 143
6 14 429 169 167
6 15 0 0 254
6 15 43 162 171
6 15 77 156 163
6 15 124 156 167
6 15 160 160 333
6 15 260 159 347
6 15 343 154 350
6 15 427 156 111
6 16 0 0 259
6 16 27 149 167
6 16 66 159 293
6 16 152 154 255
6 16 227 160 225
6 16 277 154 155
6 16 311 163 320
6 16 385 157 151
6 16 448 161 206
6 17 0 0 271
6 17 36 157 162
6 17 68 157 162
6 17 104 157 242
6 17 193 167 304
6 17 244 160 271
6 17 321 163 218
6 17 355 157 296
6 17 434 162 213
6 18 0 0 271
6 18 7 169 326
6 18 66 160 281
6 18 140 157 414
6 18 220 165 322
6 18 309 161 341
6 18 368 165 251
6 18 417 162 187
6 19 0 0 272
6 19 16 150 103
6 19 81 165 190
6 19 121 168 339
6 19 217 159 350
6 19 293 159 171
6 19 353 168 169
6 20 0 0 224
6 20 56 167 204
6 20 73 159 335
6 20 158 161 157
6 20 211 167 126
6 20 257 157 316
6 20 332 156 295
6 20 397 156 264
6 20 471 157 279
6 21 0 0 170
6 21 32 180 312
6 21 69 162 100
6 21 96 153 301
6 21 162 165 159
6 21 238 159 316
6 21 318 150 84
6 21 352 157 490
6 21 455 157 171
6 22 0 0 226
6 22 25 155 230
6 22 77 168 171
6 22 123 158 277
6 22 206 153 382
6 22 281 153 107
6 22 329 160 467
6 22 435 156 220
6 23 0 0 289
6 23 45 159 148
6 23 44 160 327
6 23 109 157 416
6 23 210 134 322
6 23 282 167 349
6 23 383 159 149
6 23 405 162 245
6 24 0 0 187
6 24 32 151 256
6 24 73 161 210
6 24 130 160 168
6 24 207 163 155
6 24 242 162 435
6 24 376 159 415
6 24 439 149 149
6 25 0 0 191
6 25 38 188 327
6 25 85 161 303
6 25 176 165 539
6 25 295 180 377
6 25 382 166 365
6 26 0 0 219
6 26 24 189 403
6 26 77 154 150
6 26 118 158 280
6 26 202 155 361
6 26 253 162 101
6 26 312 157 438
6 26 409 160 140
6 26 422 159 142
6 27 0 0 188
6 27 34 171 438
6 27 112 150 281
6 27 182 161 481
6 27 311 148 453
6 27 417 154 259
6 28 0 0 245
6 28 19 180 328
6 28 77 162 342
6 28 203 157 189
6 28 188 160 222
6 28 253 154 172
6 28 295 155 269
6 28 389 156 369
6 28 455 165 221
6 29 0 0 204
6 29 61 172 435
6 29 115 164 331
6 29 198 162 362
6 29 268 164 89
6 29 305 158 261
6 29 376 158 495
6 30 0 0 214
6 30 25 165 478
6 30 118 158 401
6 30 191 168 273
6 30 271 154 474
6 30 348 165 95
6 30 400 157 199
6 31 0 0 275
6 31 61 148 406
6 31 127 155 384
6 31 227 194 470
6 31 282 165 420
6 31 369 136 184
6 31 386 169 147
6 31 445 159 142
6 31 471 165 155
6 32 0 0 268
6 32 64 164 339
6 32 115 155 209
6 32 176 161 210
6 32 232 158 85
6 32 264 158 216
6 32 322 163 302
6 32 414 164 231
6 33 0 0 260
6 33 26 146 336
6 33 84 159 186
6 33 151 157 147
6 33 191 157 273
6 33 284 175 438
6 33 358 169 322
6 34 0 0 247
6 34 43 175 263
6 34 75 163 168
6 34 128 159 340
6 34 200 162 190
6 34 254 157 268
6 34 301 162 203
6 34 351 160 265
6 34 440 157 260
6 35 0 0 282
6 35 38 173 211
6 35 78 158 181
6 35 118 154 284
6 35 209 159 645
6 35 320 156 331
6 35 377 161 444
6 35 457 165 155
6 36 0 0 250
6 36 28 165 443
6 36 101 125 177
6 36 148 161 260
6 36 232 172 297
6 36 285 160 101
6 36 321 156 319
6 36 386 155 220
6 37 0 0 211
6 37 56 148 292
6 37 103 149 276
6 37 172 177 250
6 37 218 152 306
6 37 309 149 445
6 37 382 161 126
6 37 437 167 135
6 37 466 157 197
6 38 0 0 253
6 38 37 159 486
6 38 102 160 106
6 38 140 162 141
6 38 178 157 242
6 38 263 157 416
6 38 339 175 497
6 38 448 175 465
6 39 0 0 215
6 39 23 168 225
6 39 73 165 290
6 39 161 158 233
6 39 200 158 447
6 39 302 162 384
6 39 373 150 261
6 39 424 154 123
6 40 0 0 222
6 40 14 189 328
6 40 77 149 142
6 40 141 155 307
6 40 200 155 307
6 40 270 165 115
6 40 315 161 315
6 40 413 166 115
6 40 438 161 72
6 40 476 170 209
6 41 0 0 257
6 41 14 158 261
6 41 66 146 350
6 41 161 148 280
6 41 211 157 257
6 41 252 163 295
6 41 351 154 308
6 41 407 162 318
6 42 0 0 273
6 42 44 152 369
6 42 129 185 264
6 42 204 157 364
6 42 294 158 561
6 42 398 176 434
6 43 0 0 204
6 43 25 153 321
6 43 103 168 196
6 43 157 150 361
6 43 234 149 188
6 43 278 161 121
6 43 342 166 198
6 43 393 160 286
6 43 442 159 250
6 43 498 168 164
6 44 0 0 175
6 44 31 165 169
6 44 33 160 139
6 44 54 162 109
6 44 102 156 123
6 44 145 169 151
6 44 194 161 366
6 44 288 167 314
6 44 356 149 378
6 44 441 156 198
6 45 0 0 275
6 45 43 155 216
6 45 83 160 183
6 45 150 161 184
6 45 189 167 111
6 45 209 160 90
6 45 239 159 198
6 45 287 163 154
6 45 337 161 111
6 45 362 160 262
6 45 423 158 228
6 45 473 166 86
6 46 0 0 245
6 46 35 173 444
6 46 99 161 381
6 46 193 176 147
6 46 222 159 122
6 46 265 165 329
6 46 349 161 289
6 46 406 150 139
6 46 443 158 149
6 47 0 0 174
6 47 36 130 240
6 47 73 168 368
6 47 186 158 220
6 47 231 157 132
6 47 265 160 273
6 47 334 169 631
6 47 491 169 156
6 47 477 162 130
6 48 0 0 280
6 48 45 168 310
6 48 69 156 121
6 48 114 166 391
6 48 233 155 425
6 48 293 163 192
6 48 324 159 410
6 48 425 160 230
6 48 470 163 176
7 1 0 0 251
7 1 58 145 198
7 1 46 159 181
7 1 92 162 88
7 1 129 158 281
7 1 187 164 175
7 1 241 160 118
7 1 289 160 362
7 1 355 161 256
7 1 420 155 146
7 2 0 0 165
7 2 33 171 269
7 2 81 160 191
7 2 149 162 142
7 2 217 152 252
7 2 297 154 303
7 2 362 142 109
7 2 395 163 194
7 2 445 158 159
7 3 0 0 171
7 3 41 155 300
7 3 71 159 252
7 3 138 158 135
7 3 193 174 413
7 3 287 143 309
7 3 359 167 376
7 3 436 156 180
7 4 0 0 220
7 4 45 151 299
7 4 78 152 110
7 4 112 165 473
7 4 217 148 495
7 4 324 148 442
7 4 424 167 243
7 5 0 0 227
7 5 30 136 176
7 5 43 159 152
7 5 96 163 428
7 5 228 136 515
7 5 350 160 230
7 5 368 159 306
7 5 459 165 201
7 6 0 0 267
7 6 33 128 155
7 6 80 162 446
7 6 170 171 105
7 6 224 158 187
7 6 262 157 327
7 6 352 149 245
7 6 423 152 241
7 6 476 149 190
7 7 0 0 208
7 7 16 160 258
7 7 79 173 174
7 7 154 167 197
7 7 194 157 116
7 7 220 158 114
7 7 252 157 259
7 7 317 167 169
7 7 385 157 194
7 8 0 0 180
7 8 22 143 297
7 8 61 166 169
7 8 134 161 234
7 8 200 156 179
7 8 240 160 141
7 8 274 160 147
7 8 300 160 263
7 8 376 153 337
7 9 0 0 243
7 9 57 153 288
7 9 104 155 262
7 9 181 160 247
7 9 247 165 172
7 9 287 160 217
7 9 343 160 255
7 9 408 158 250
7 10 0 0 229
7 10 67 192 298
7 10 86 161 276
7 10 221 161 571
7 10 320 168 371
7 10 391 152 148
7 10 422 162 62
7 10 473 155 251
7 11 0 0 186
7 11 27 155 604
7 11 155 162 410
7 11 214 160 315
7 11 269 160 303
7 11 336 167 166
7 11 427 156 214
7 12 0 0 241
7 12 49 197 207
7 12 33 162 145
7 12 54 160 108
7 12 108 150 339
7 12 171 156 190
7 12 244 162 355
7 12 353 194 525
7 12 434 154 255
7 12 494 162 198
7 13 0 0 231
7 13 33 154 307
7 13 81 157 156
7 13 106 167 98
7 13 149 162 393
7 13 221 153 221
7 13 289 156 273
7 13 372 161 209
7 13 431 147 184
7 14 0 0 291
7 14 37 163 439
7 14 103 166 296
7 14 172 158 432
7 14 256 155 261
7 14 314 169 451
7 14 439 160 328
7 15 0 0 235
7 15 65 163 201
7 15 75 159 345
7 15 158 165 172
7 15 207 157 107
7 15 252 164 365
7 15 346 140 351
7 15 431 153 208
7 16 0 0 242
7 16 30 151 395
7 16 98 164 164
7 16 159 160 145
7 16 185 164 70
7 16 227 156 135
7 16 278 158 202
7 16 319 162 284
7 16 395 165 273
7 17 0 0 218
7 17 18 147 139
7 17 67 162 370
7 17 145 167 121
7 17 184 161 181
7 17 236 153 236
7 17 321 155 439
7 17 393 154 255
7 17 434 163 160
7 18 0 0 273
7 18 28 169 159
7 18 33 159 271
7 18 109 157 321
7 18 162 163 284
7 18 219 174 265
7 18 305 153 378
7 18 364 168 89
7 18 396 156 173
7 18 426 163 165
7 19 0 0 261
7 19 69 167 189
7 19 35 159 90
7 19 76 164 138
7 19 125 159 354
7 19 212 161 97
7 19 254 157 150
7 19 288 163 142
7 19 351 162 235
7 20 0 0 222
7 20 75 126 194
7 20 71 159 172
7 20 128 164 237
7 20 201 179 220
7 20 263 175 467
7 20 349 148 341
7 20 432 157 160
7 20 471 161 136
7 21 0 0 181
7 21 48 182 581
7 21 134 166 163
7 21 181 160 129
7 21 226 157 181
7 21 271 163 283
7 21 358 161 148
7 21 408 155 498
7 22 0 0 182
7 22 40 182 327
7 22 73 157 134
7 22 123 162 313
7 22 192 148 231
7 22 285 181 317
7 22 334 165 113
7 22 386 163 293
7 22 451 165 127
7 23 0 0 267
7 23 46 140 195
7 23 43 160 389
7 23 139 142 280
7 23 216 138 222
7 23 279 164 154
7 23 328 156 274
7 23 407 163 365
7 24 0 0 164
7 24 44 174 464
7 24 112 149 172
7 24 199 164 329
7 24 265 160 343
7 24 346 164 112
7 24 380 157 304
7 24 514 160 208
7 25 0 0 177
7 25 19 158 252
7 25 83 160 286
7 25 164 164 226
7 25 225 166 231
7 25 321 152 292
7 25 363 164 155
7 25 437 152 168
7 26 0 0 208
7 26 36 185 571
7 26 128 162 400
7 26 186 167 75
7 26 210 158 177
7 26 258 151 186
7 26 309 161 131
7 26 339 160 364
7 26 421 155 209
7 27 0 0 186
7 27 37 147 191
7 27 39 160 428
7 27 145 161 267
7 27 185 158 147
7 27 230 150 268
7 27 307 162 305
7 27 414 164 191
7 27 407 160 98
7 28 0 0 219
7 28 39 105 341
7 28 72 157 117
7 28 136 160 147
7 28 193 156 319
7 28 259 168 205
7 28 307 162 256
7 28 384 164 256
7 28 421 161 101
7 28 463 161 203
7 29 0 0 240
7 29 63 165 303
7 29 72 160 109
7 29 119 164 155
7 29 155 163 165
7 29 201 175 132
7 29 234 157 254
7 29 305 158 226
7 29 373 175 221
7 29 424 164 201
7 30 0 0 247
7 30 39 169 272
7 30 64 162 141
7 30 117 174 322
7 30 199 150 374
7 30 253 156 305
7 30 343 176 184
7 30 397 164 160
7 31 0 0 206
7 31 31 160 472
7 31 154 173 184
7 31 142 162 209
7 31 207 155 350
7 31 290 165 206
7 31 334 163 236
7 31 404 168 415
7 31 472 162 240
7 32 0 0 246
7 32 53 157 460
7 32 143 159 115
7 32 177 154 152
7 32 233 156 128
7 32 264 161 163
7 32 318 157 318
7 32 410 163 280
7 33 0 0 201
7 33 28 170 348
7 33 93 154 154
7 33 133 168 178
7 33 191 157 337
7 33 283 172 524
7 33 405 171 300
7 34 0 0 203
7 34 62 156 208
7 34 73 160 172
7 34 133 151 115
7 34 180 158 140
7 34 211 164 384
7 34 314 155 185
7 34 304 160 121
7 34 356 158 229
7 34 430 163 213
7 35 0 0 231
7 35 47 146 188
7 35 77 162 173
7 35 113 154 111
7 35 154 157 153
7 35 193 158 89
7 35 230 167 313
7 35 295 159 114
7 35 313 160 278
7 35 374 155 445
7 35 481 161 156
7 36 0 0 233
7 36 22 158 223
7 36 78 160 64
7 36 109 156 148
7 36 155 161 334
7 36 241 154 237
7 36 284 159 99
7 36 318 159 359
7 36 388 155 124
7 37 0 0 197
7 37 51 155 738
7 37 172 158 445
7 37 276 161 238
7 37 313 158 232
7 37 386 160 438
7 37 456 164 191
7 38 0 0 242
7 38 70 147 179
7 38 39 155 395
7 38 113 190 59
7 38 140 163 291
7 38 211 166 118
7 38 252 161 247
7 38 342 172 433
7 38 416 153 126
7 38 443 163 151
7 38 498 153 126
7 39 0 0 209
7 39 38 162 426
7 39 113 153 369
7 39 197 163 403
7 39 319 154 424
7 39 360 148 258
7 39 428 162 127
7 40 0 0 297
7 40 45 201 284
7 40 82 163 516
7 40 217 155 463
7 40 274 167 173
7 40 357 171 434
7 40 456 160 293
7 41 0 0 219
7 41 34 174 282
7 41 67 146 282
7 41 151 152 285
7 41 209 167 273
7 41 253 165 144
7 41 306 154 150
7 41 343 165 251
7 41 413 163 301
7 42 0 0 261
7 42 49 192 155
7 42 43 160 150
7 42 78 162 223
7 42 145 166 199
7 42 212 165 125
7 42 250 160 182
7 42 288 157 135
7 42 329 157 224
7 42 393 153 371
7 43 0 0 158
7 43 40 168 284
7 43 100 158 215
7 43 161 151 151
7 43 187 163 148
7 43 231 163 136
7 43 271 158 159
7 43 337 145 286
7 43 410 155 119
7 43 441 162 217
7 43 490 157 208
7 44 0 0 243
7 44 36 146 296
7 44 58 161 201
7 44 153 158 298
7 44 193 160 255
7 44 286 163 311
7 44 356 154 343
7 44 445 158 165
7 45 0 0 228
7 45 46 171 403
7 45 157 153 281
7 45 184 158 283
7 45 245 169 309
7 45 320 156 221
7 45 361 160 76
7 45 391 159 289
7 45 479 174 281
7 46 0 0 210
7 46 32 184 173
7 46 38 160 457
7 46 133 158 383
7 46 223 153 297
7 46 267 161 104
7 46 300 162 268
7 46 381 156 346
7 46 440 159 150
7 47 0 0 173
7 47 32 158 266
7 47 77 160 170
7 47 142 160 179
7 47 196 165 324
7 47 263 147 428
7 47 354 159 193
7 47 425 158 290
7 47 477 167 135
7 48 0 0 254
7 48 31 121 192
7 48 94 160 196
7 48 110 161 146
7 48 159 166 190
7 48 218 165 358
7 48 304 163 332
7 48 352 159 296
7 48 436 158 157
7 48 466 158 147
8 1 0 0 232
8 1 34 163 479
8 1 128 163 168
8 1 161 154 336
8 1 233 146 126
8 1 291 167 214
8 1 333 157 136
8 1 360 160 260
8 1 453 163 265
8 2 0 0 227
8 2 27 175 271
8 2 75 137 169
8 2 163 154 297
8 2 242 159 235
8 2 291 158 236
8 2 353 157 292
8 2 443 161 244
8 3 0 0 213
8 3 44 152 579
8 3 128 173 158
8 3 193 161 474
8 3 290 167 322
8 3 359 156 281
8 3 439 171 218
8 4 0 0 181
8 4 63 157 199
8 4 39 158 280
8 4 117 158 332
8 4 183 155 338
8 4 256 154 434
8 4 362 168 272
8 4 446 159 207
8 5 0 0 225
8 5 21 172 388
8 5 95 145 93
8 5 154 160 292
8 5 226 167 166
8 5 293 162 351
8 5 362 165 96
8 5 403 158 167
8 5 449 163 179
8 6 0 0 211
8 6 9 159 245
8 6 69 160 256
8 6 146 163 319
8 6 218 158 251
8 6 313 155 259
8 6 359 165 231
8 6 414 151 147
8 6 448 159 285
8 7 0 0 245
8 7 59 159 213
8 7 88 158 184
8 7 154 165 299
8 7 223 163 145
8 7 251 158 466
8 7 391 150 167
8 7 397 159 182
8 8 0 0 245
8 8 43 158 426
8 8 134 162 217
8 8 193 154 356
8 8 281 162 457
8 8 368 168 321
8 9 0 0 247
8 9 34 176 193
8 9 51 160 138
8 9 97 160 270
8 9 177 169 396
8 9 294 158 290
8 9 342 156 346
8 9 429 161 248
8 10 0 0 200
8 10 -11 139 215
8 10 64 170 269
8 10 162 163 283
8 10 213 164 135
8 10 247 157 231
8 10 311 157 147
8 10 348 165 294
8 10 429 165 154
8 10 478 159 183
8 11 0 0 226
8 11 22 159 412
8 11 92 157 293
8 11 197 151 467
8 11 279 161 217
8 11 301 162 95
8 11 344 159 206
8 11 420 166 269
8 12 0 0 213
8 12 22 147 439
8 12 102 159 371
8 12 179 154 251
8 12 243 168 162
8 12 279 160 337
8 12 373 155 97
8 12 401 160 245
8 12 446 159 133
8 12 496 155 188
8 13 0 0 198
8 13 46 190 472
8 13 104 170 185
8 13 151 160 131
8 13 198 157 460
8 13 291 162 311
8 13 380 159 202
8 13 429 162 163
8 14 0 0 261
8 14 61 162 435
8 14 107 162 113
8 14 125 159 126
8 14 163 150 236
8 14 217 160 158
8 14 260 162 120
8 14 309 163 429
8 14 436 152 297
8 15 0 0 226
8 15 44 161 253
8 15 73 159 118
8 15 122 150 349
8 15 201 161 165
8 15 256 155 129
8 15 296 161 205
8 15 349 163 281
8 15 430 155 213
8 16 0 0 205
8 16 74 162 163
8 16 36 163 294
8 16 115 160 213
8 16 155 158 253
8 16 237 143 185
8 16 280 163 96
8 16 315 161 482
8 16 450 142 169
8 16 444 159 187
8 17 0 0 253
8 17 14 170 268
8 17 66 155 180
8 17 112 164 113
8 17 149 160 183
8 17 191 166 459
8 17 318 151 473
8 17 399 160 236
8 17 443 160 197
8 18 0 0 231
8 18 51 176 159
8 18 34 160 288
8 18 104 153 326
8 18 171 157 248
8 18 226 166 334
8 18 301 171 225
8 18 361 162 560
8 19 0 0 259
8 19 32 171 488
8 19 125 140 192
8 19 177 151 491
8 19 292 144 219
8 19 347 158 143
8 20 0 0 155
8 20 2 160 354
8 20 63 169 168
8 20 113 158 89
8 20 163 154 341
8 20 261 157 392
8 20 334 179 214
8 20 397 149 283
8 20 465 161 247
8 21 0 0 211
8 21 30 168 551
8 21 134 162 231
8 21 177 165 155
8 21 233 161 143
8 21 266 158 235
8 21 351 162 583
8 21 456 185 239
8 22 0 0 174
8 22 27 158 310
8 22 79 155 501
8 22 215 161 423
8 22 287 155 203
8 22 332 163 168
8 22 386 161 122
8 22 414 166 238
8 23 0 0 219
8 23 53 185 303
8 23 79 158 195
8 23 108 156 318
8 23 203 156 254
8 23 285 163 192
8 23 332 161 351
8 23 407 157 388
8 24 0 0 195
8 24 47 156 182
8 24 40 161 108
8 24 73 161 123
8 24 127 164 218
8 24 194 159 147
8 24 250 165 119
8 24 272 161 136
8 24 309 160 242
8 24 381 155 165
8 24 449 153 195
8 25 0 0 227
8 25 38 196 268
8 25 85 155 352
8 25 196 170 555
8 25 323 138 337
8 25 369 166 181
8 25 427 164 67
8 26 0 0 270
8 26 57 165 673
8 26 163 163 119
8 26 179 160 268
8 26 257 152 254
8 26 305 164 286
8 26 365 164 226
8 26 414 155 200
8 27 0 0 179
8 27 44 157 331
8 27 73 159 241
8 27 149 148 208
8 27 192 157 169
8 27 225 150 307
8 27 309 158 301
8 27 393 153 156
8 28 0 0 238
8 28 41 167 340
8 28 83 153 85
8 28 138 161 207
8 28 193 159 294
8 28 268 180 190
8 28 304 164 247
8 28 384 157 234
8 28 428 154 309
8 29 0 0 186
8 29 26 157 339
8 29 84 160 139
8 29 118 167 304
8 29 191 162 152
8 29 240 157 514
8 29 412 168 209
8 29 381 163 301
8 30 0 0 230
8 30 34 139 142
8 30 33 161 293
8 30 113 163 386
8 30 196 150 158
8 30 235 160 168
8 30 267 167 317
8 30 351 159 157
8 30 392 161 109
8 31 0 0 244
8 31 92 162 448
8 31 148 161 325
8 31 213 159 302
8 31 278 158 132
8 31 325 158 290
8 31 396 168 183
8 31 442 159 179
8 31 474 156 185
8 32 0 0 235
8 32 48 131 464
8 32 125 163 105
8 32 161 154 204
8 32 223 160 114
8 32 267 156 145
8 32 324 155 318
8 32 414 159 341
8 33 0 0 256
8 33 36 157 182
8 33 45 160 143
8 33 93 158 153
8 33 140 166 129
8 33 188 164 163
8 33 231 158 175
8 33 278 163 90
8 33 330 158 290
8 33 404 159 261
8 34 0 0 227
8 34 21 165 259
8 34 86 161 231
8 34 131 150 118
8 34 177 163 162
8 34 210 161 443
8 34 310 160 241
8 34 361 158 264
8 34 419 148 196
8 35 0 0 225
8 35 15 158 272
8 35 74 174 265
8 35 141 156 185
8 35 185 161 153
8 35 221 165 119
8 35 249 166 252
8 35 320 163 300
8 35 377 154 411
8 35 474 159 308
8 36 0 0 203
8 36 40 142 141
8 36 73 159 355
8 36 148 147 272
8 36 244 159 444
8 36 316 166 252
8 36 378 168 279
8 37 0 0 232
8 37 59 158 521
8 37 130 155 68
8 37 173 157 194
8 37 228 160 322
8 37 310 170 402
8 37 399 154 340
8 37 464 150 183
8 38 0 0 172
8 38 12 163 381
8 38 72 156 120
8 38 107 161 264
8 38 184 164 259
8 38 266 165 385
8 38 337 144 202
8 38 374 150 224
8 38 448 164 172
8 38 495 159 141
8 39 0 0 220
8 39 40 147 381
8 39 113 157 494
8 39 208 168 297
8 39 322 170 552
8 39 402 168 244
8 40 0 0 181
8 40 50 181 488
8 40 122 164 315
8 40 190 168 286
8 40 271 153 327
8 40 350 152 196
8 40 419 165 267
8 40 470 157 171
8 41 0 0 232
8 41 36 167 552
8 41 163 156 298
8 41 224 158 275
8 41 260 161 159
8 41 314 155 429
8 41 407 157 362
8 42 0 0 188
8 42 33 133 251
8 42 93 161 145
8 42 145 160 197
8 42 202 158 374
8 42 291 149 297
8 42 347 169 304
8 42 439 153 131
8 43 0 0 271
8 43 50 159 338
8 43 99 153 264
8 43 190 160 209
8 43 230 158 264
8 43 360 171 166
8 43 338 159 410
8 43 446 154 211
8 43 472 158 150
8 43 496 160 143
8 44 0 0 276
8 44 31 178 149
8 44 35 160 237
8 44 111 162 237
8 44 151 158 281
8 44 250 157 121
8 44 279 158 192
8 44 321 168 110
8 44 355 161 299
8 44 442 164 301
8 45 0 0 271
8 45 25 155 170
8 45 81 162 210
8 45 144 166 74
8 45 187 156 295
8 45 234 163 133
8 45 281 166 386
8 45 381 158 226
8 45 422 153 305
8 46 0 0 227
8 46 57 153 169
8 46 41 160 250
8 46 92 168 416
8 46 181 164 136
8 46 225 159 338
8 46 306 162 201
8 46 350 157 121
8 46 385 163 446
8 47 0 0 211
8 47 37 195 288
8 47 79 148 257
8 47 141 157 120
8 47 196 151 509
8 47 302 143 223
8 47 364 174 456
8 47 488 160 363
8 48 0 0 271
8 48 29 176 189
8 48 40 161 120
8 48 76 157 162
8 48 111 165 232
8 48 206 173 403
8 48 284 151 379
8 48 349 185 293
8 48 450 165 357
9 1 0 0 180
9 1 18 117 173
9 1 54 152 287
9 1 141 165 341
9 1 188 158 120
9 1 240 166 380
9 1 348 156 205
9 1 362 159 398
9 2 0 0 176
9 2 26 153 262
9 2 95 167 166
9 2 153 163 311
9 2 253 162 513
9 2 358 167 122
9 2 398 153 318
9 3 0 0 179
9 3 37 174 399
9 3 96 151 166
9 3 139 163 325
9 3 246 140 245
9 3 284 169 124
9 3 320 160 154
9 3 342 162 147
9 3 395 157 131
9 3 440 161 220
9 4 0 0 237
9 4 49 145 407
9 4 87 157 300
9 4 175 162 154
9 4 211 163 338
9 4 281 158 112
9 4 319 162 108
9 4 367 156 200
9 4 425 153 192
9 5 0 0 203
9 5 25 147 370
9 5 106 161 278
9 5 183 158 142
9 5 227 164 153
9 5 302 157 184
9 5 341 159 466
9 5 456 152 317
9 6 0 0 214
9 6 65 155 392
9 6 105 167 140
9 6 149 168 321
9 6 226 162 135
9 6 259 161 132
9 6 306 164 129
9 6 354 164 319
9 6 420 155 107
9 6 445 159 99
9 6 470 164 122
9 7 0 0 174
9 7 39 174 172
9 7 34 161 184
9 7 87 159 134
9 7 154 160 435
9 7 246 167 249
9 7 296 157 270
9 7 393 164 287
9 8 0 0 168
9 8 25 153 269
9 8 60 161 193
9 8 118 145 218
9 8 196 172 558
9 8 287 168 276
9 8 348 161 187
9 8 382 163 258
9 9 0 0 192
9 9 94 151 187
9 9 35 153 216
9 9 98 163 132
9 9 137 160 121
9 9 196 156 335
9 9 286 160 281
9 9 346 166 280
9 9 416 155 322
9 10 0 0 170
9 10 41 171 277
9 10 80 163 204
9 10 157 159 352
9 10 253 164 276
9 10 316 162 285
9 10 391 165 349
9 10 487 155 220
9 11 0 0 192
9 11 50 142 318
9 11 68 160 112
9 11 93 157 265
9 11 191 160 280
9 11 233 162 175
9 11 272 162 81
9 11 298 159 181
9 11 348 151 137
9 11 409 155 211
9 12 0 0 258
9 12 18 170 513
9 12 113 153 362
9 12 175 163 117
9 12 239 171 172
9 12 299 169 393
9 12 381 157 222
9 12 430 161 243
9 12 494 170 164
9 13 0 0 199
9 13 48 198 199
9 13 49 158 138
9 13 81 162 272
9 13 150 165 286
9 13 220 169 137
9 13 269 149 115
9 13 293 158 143
9 13 331 166 92
9 13 376 158 372
9 14 0 0 203
9 14 28 132 162
9 14 38 161 132
9 14 70 160 90
9 14 97 159 144
9 14 132 160 293
9 14 178 154 269
9 14 260 167 246
9 14 325 159 101
9 14 357 156 129
9 14 384 154 183
9 14 437 160 112
9 15 0 0 243
9 15 50 149 235
9 15 76 160 330
9 15 154 191 146
9 15 206 159 256
9 15 298 147 212
9 15 343 148 331
9 15 433 151 178
9 16 0 0 190
9 16 22 136 239
9 16 67 148 119
9 16 111 156 510
9 16 236 171 404
9 16 317 153 302
9 16 392 156 299
9 17 0 0 217
9 17 21 158 238
9 17 66 156 412
9 17 180 157 299
9 17 226 158 131
9 17 272 156 143
9 17 317 164 268
9 17 394 154 267
9 17 439 153 205
9 18 0 0 198
9 18 34 163 155
9 18 33 160 120
9 18 64 160 107
9 18 108 159 374
9 18 171 158 185
9 18 222 151 147
9 18 253 159 447
9 18 368 153 175
9 18 366 160 96
9 18 395 158 176
9 18 424 165 107
9 19 0 0 251
9 19 26 169 212
9 19 76 154 148
9 19 123 162 196
9 19 161 154 142
9 19 210 162 150
9 19 260 155 232
9 19 357 162 295
9 20 0 0 273
9 20 38 165 167
9 20 68 161 134
9 20 120 156 281
9 20 198 158 241
9 20 268 158 137
9 20 305 161 227
9 20 365 159 320
9 20 438 164 123
9 20 468 159 128
9 21 0 0 175
9 21 60 132 204
9 21 39 166 197
9 21 103 160 168
9 21 127 167 170
9 21 181 163 71
9 21 224 166 190
9 21 268 163 138
9 21 308 160 245
9 21 392 156 365
9 21 472 164 171
9 22 0 0 248
9 22 60 159 363
9 22 114 158 268
9 22 192 158 356
9 22 266 154 125
9 22 332 159 466
9 22 447 184 283
9 23 0 0 221
9 23 51 168 442
9 23 113 155 394
9 23 214 175 259
9 23 275 156 207
9 23 334 153 301
9 23 405 154 247
9 23 463 159 103
9 24 0 0 188
9 24 52 158 172
9 24 39 160 156
9 24 71 158 99
9 24 124 158 166
9 24 211 177 196
9 24 235 163 81
9 24 272 159 162
9 24 313 164 524
9 24 458 166 332
9 25 0 0 222
9 25 41 165 289
9 25 90 160 152
9 25 131 166 118
9 25 178 160 275
9 25 251 162 255
9 25 315 159 125
9 25 378 162 343
9 26 0 0 235
9 26 14 174 174
9 26 35 162 391
9 26 126 162 407
9 26 184 159 268
9 26 259 163 300
9 26 338 153 162
9 26 361 160 200
9 26 417 152 230
9 27 0 0 261
9 27 66 161 596
9 27 132 173 194
9 27 178 160 147
9 27 231 157 242
9 27 318 148 365
9 27 404 162 144
9 28 0 0 294
9 28 22 193 361
9 28 86 158 166
9 28 137 161 163
9 28 190 164 128
9 28 231 159 105
9 28 261 161 494
9 28 365 181 461
9 28 463 169 140
9 29 0 0 180
9 29 29 162 254
9 29 72 160 208
9 29 113 163 133
9 29 150 157 243
9 29 245 164 488
9 29 350 162 127
9 29 385 158 140
9 29 433 162 185
9 30 0 0 238
9 30 61 162 453
9 30 112 158 325
9 30 218 149 200
9 30 232 157 266
9 30 312 174 316
9 30 388 166 239
9 31 0 0 188
9 31 37 144 478
9 31 137 146 312
9 31 211 154 388
9 31 285 178 356
9 31 391 173 202
9 31 397 158 142
9 31 441 162 129
9 31 476 165 134
9 32 0 0 246
9 32 49 164 323
9 32 113 160 278
9 32 174 167 288
9 32 273 157 328
9 32 321 161 101
9 32 361 162 162
9 32 411 159 177
9 33 0 0 181
9 33 67 153 500
9 33 142 156 155
9 33 193 154 364
9 33 282 170 318
9 33 358 155 200
9 33 400 149 148
9 34 0 0 246
9 34 31 168 275
9 34 77 158 180
9 34 133 158 307
9 34 209 156 316
9 34 279 155 123
9 34 309 160 443
9 34 429 160 339
9 35 0 0 161
9 35 5 164 300
9 35 83 161 425
9 35 192 157 608
9 35 287 152 107
9 35 316 153 144
9 35 335 158 162
9 35 374 158 420
9 35 462 156 208
9 36 0 0 241
9 36 48 155 314
9 36 98 155 164
9 36 144 162 94
9 36 202 161 327
9 36 283 163 505
9 36 386 165 355
9 37 0 0 259
9 37 29 165 188
9 37 81 157 383
9 37 168 176 437
9 37 262 153 196
9 37 314 156 301
9 37 374 163 359
9 37 488 158 290
9 38 0 0 217
9 38 45 168 314
9 38 73 159 122
9 38 110 162 130
9 38 142 159 116
9 38 178 158 313
9 38 260 151 166
9 38 305 163 340
9 38 386 164 210
9 38 443 159 328
9 39 0 0 240
9 39 60 171 396
9 39 110 165 180
9 39 155 159 299
9 39 230 166 109
9 39 268 163 536
9 39 385 170 220
9 39 431 160 124
9 40 0 0 179
9 40 47 172 179
9 40 36 161 118
9 40 71 160 151
9 40 130 159 334
9 40 210 161 312
9 40 272 151 311
9 40 372 159 331
9 40 439 179 298
9 41 0 0 236
9 41 31 164 285
9 41 72 159 242
9 41 178 165 442
9 41 233 157 467
9 41 342 159 217
9 41 409 155 323
9 42 0 0 168
9 42 41 185 157
9 42 35 158 320
9 42 134 181 329
9 42 208 168 163
9 42 249 162 69
9 42 291 163 281
9 42 352 172 169
9 42 383 160 126
9 42 432 158 129
9 43 0 0 156
9 43 49 184 366
9 43 106 150 291
9 43 191 172 179
9 43 229 156 108
9 43 291 170 363
9 43 392 163 100
9 43 418 161 439
9 43 490 143 146
9 44 0 0 285
9 44 36 157 413
9 44 102 163 323
9 44 207 160 376
9 44 284 171 144
9 44 319 158 247
9 44 392 167 149
9 44 441 152 161
9 45 0 0 212
9 45 15 147 198
9 45 66 156 127
9 45 150 160 497
9 45 223 155 261
9 45 294 160 189
9 45 333 160 188
9 45 367 157 372
9 45 485 128 313
9 46 0 0 259
9 46 33 145 427
9 46 98 148 138
9 46 126 163 241
9 46 169 159 200
9 46 221 155 246
9 46 301 158 247
9 46 350 167 382
9 46 438 156 233
9 47 0 0 277
9 47 29 160 318
9 47 130 165 254
9 47 208 159 286
9 47 263 165 329
9 47 331 163 126
9 47 380 161 93
9 47 419 164 285
9 47 486 153 175
9 48 0 0 189
9 48 17 157 354
9 48 59 156 170
9 48 110 163 145
9 48 167 161 176
9 48 214 162 307
9 48 293 153 271
9 48 363 154 287
9 48 429 159 197
9 48 469 160 113
10 1 0 0 170
10 1 38 174 182
10 1 53 159 128
10 1 98 159 511
10 1 197 154 288
10 1 275 165 388
10 1 375 173 274
10 1 422 156 165
10 2 0 0 262
10 2 38 169 201
10 2 80 155 118
10 2 158 172 202
10 2 213 153 260
10 2 294 160 328
10 2 353 152 148
10 2 398 157 152
10 2 443 159 186
10 3 0 0 232
10 3 59 163 188
10 3 37 160 334
10 3 143 159 261
10 3 197 160 303
10 3 268 156 256
10 3 317 155 154
10 3 351 159 359
10 3 441 145 213
10 4 0 0 260
10 4 38 157 443
10 4 125 186 288
10 4 157 155 390
10 4 249 179 228
10 4 286 147 256
10 4 360 157 175
10 4 430 159 201
10 5 0 0 209
10 5 28 168 185
10 5 39 158 287
10 5 135 160 321
10 5 240 179 318
10 5 292 161 249
10 5 358 154 374
10 5 454 150 122
10 6 0 0 245
10 6 43 130 198
10 6 80 162 97
10 6 110 160 275
10 6 193 157 406
10 6 303 160 278
10 6 363 159 414
10 6 436 164 264
10 7 0 0 203
10 7 43 170 302
10 7 85 162 141
10 7 153 159 168
10 7 189 160 138
10 7 220 159 112
10 7 251 159 229
10 7 299 162 122
10 7 338 165 152
10 7 397 166 178
10 8 0 0 266
10 8 26 197 159
10 8 31 158 123
10 8 61 161 124
10 8 138 168 284
10 8 202 172 208
10 8 247 157 307
10 8 316 158 156
10 8 339 160 288
10 8 423 154 174
10 9 0 0 200
10 9 50 170 318
10 9 93 153 342
10 9 195 144 226
10 9 237 169 172
10 9 287 147 343
10 9 374 163 298
10 10 0 0 215
10 10 28 175 296
10 10 91 153 220
10 10 165 163 146
10 10 214 162 471
10 10 316 159 278
10 10 396 154 378
10 10 479 150 302
10 11 0 0 200
10 11 32 163 317
10 11 71 156 280
10 11 141 166 152
10 11 187 165 116
10 11 217 158 289
10 11 268 166 286
10 11 357 164 229
10 11 419 156 158
10 12 0 0 254
10 12 24 157 456
10 12 103 162 321
10 12 175 159 154
10 12 252 155 365
10 12 353 159 400
10 12 422 158 288
10 12 509 174 214
10 13 0 0 277
10 13 37 137 305
10 13 78 166 296
10 13 148 168 405
10 13 259 149 339
10 13 328 164 180
10 13 378 163 195
10 13 426 153 150
10 14 0 0 244
10 14 62 133 191
10 14 43 159 82
10 14 73 155 155
10 14 100 155 332
10 14 170 162 354
10 14 250 162 474
10 14 366 153 269
10 14 428 165 177
10 15 0 0 200
10 15 43 175 421
10 15 127 160 320
10 15 190 150 212
10 15 252 161 122
10 15 293 155 231
10 15 345 154 290
10 15 432 157 200
10 16 0 0 225
10 16 74 168 289
10 16 70 159 127
10 16 107 163 146
10 16 164 155 217
10 16 224 156 179
10 16 276 165 129
10 16 317 161 159
10 16 347 160 142
10 16 388 158 127
10 16 442 146 203
10 17 0 0 176
10 17 17 162 474
10 17 95 162 282
10 17 184 157 203
10 17 235 160 158
10 17 272 159 284
10 17 365 154 176
10 17 391 159 132
10 17 444 156 219
10 18 0 0 194
10 18 24 156 450
10 18 107 165 117
10 18 141 160 152
10 18 173 162 204
10 18 225 164 363
10 18 301 152 237
10 18 373 158 449
10 18 429 167 112
10 19 0 0 185
10 19 11 133 217
10 19 67 153 214
10 19 128 155 155
10 19 167 165 433
10 19 296 147 283
10 19 354 162 174
10 20 0 0 153
10 20 8 138 271
10 20 78 156 178
10 20 118 157 314
10 20 208 162 156
10 20 256 156 453
10 20 358 151 372
10 20 429 172 276
10 21 0 0 223
10 21 34 155 550
10 21 122 166 244
10 21 177 166 320
10 21 268 151 183
10 21 322 156 243
10 21 413 160 359
10 21 461 164 176
10 22 0 0 239
10 22 49 120 148
10 22 76 162 243
10 22 129 169 302
10 22 198 162 301
10 22 283 151 184
10 22 343 166 365
10 22 423 159 303
10 23 0 0 221
10 23 48 164 729
10 23 165 170 153
10 23 217 159 177
10 23 275 160 304
10 23 374 163 151
10 23 411 162 180
10 23 460 158 156
10 24 0 0 266
10 24 43 162 262
10 24 73 160 135
10 24 131 156 229
10 24 201 157 155
10 24 244 158 647
10 24 375 185 239
10 24 464 162 198
10 25 0 0 188
10 25 49 202 307
10 25 82 163 173
10 25 137 155 109
10 25 188 156 259
10 25 264 154 200
10 25 307 157 227
10 25 369 153 313
10 26 0 0 233
10 26 6 142 194
10 26 53 154 329
10 26 120 166 125
10 26 152 160 116
10 26 178 159 304
10 26 244 160 133
10 26 315 155 513
10 26 399 162 97
10 26 423 160 173
10 27 0 0 198
10 27 58 160 175
10 27 39 158 156
10 27 83 159 139
10 27 106 161 255
10 27 192 159 299
10 27 229 158 244
10 27 308 166 160
10 27 377 162 295
10 28 0 0 263
10 28 29 167 146
10 28 33 158 189
10 28 78 158 130
10 28 129 158 328
10 28 231 154 138
10 28 260 159 159
10 28 304 154 104
10 28 345 161 140
10 28 381 155 305
10 28 454 159 205
10 29 0 0 186
10 29 44 162 163
10 29 35 159 295
10 29 114 163 362
10 29 209 159 288
10 29 244 160 75
10 29 267 159 113
10 29 307 163 287
10 29 374 149 240
10 29 429 151 176
10 30 0 0 221
10 30 40 145 472
10 30 105 171 188
10 30 155 160 276
10 30 229 154 137
10 30 260 151 125
10 30 302 155 264
10 30 399 160 314
10 31 0 0 255
10 31 44 152 173
10 31 51 161 337
10 31 131 145 295
10 31 222 169 343
10 31 287 152 465
10 31 398 165 343
10 31 434 162 288
10 32 0 0 203
10 32 85 129 435
10 32 137 169 443
10 32 259 186 178
10 32 269 160 157
10 32 324 153 102
10 32 351 160 146
10 32 415 156 196
10 33 0 0 203
10 33 33 144 196
10 33 49 160 84
10 33 91 162 133
10 33 142 160 421
10 33 227 167 95
10 33 285 161 199
10 33 324 166 106
10 33 352 159 142
10 33 403 161 165
10 34 0 0 254
10 34 44 166 352
10 34 131 172 178
10 34 183 151 160
10 34 204 161 311
10 34 281 157 279
10 34 353 161 224
10 34 430 155 184
10 35 0 0 194
10 35 42 177 457
10 35 116 158 353
10 35 184 161 455
10 35 293 163 313
10 35 337 167 159
10 35 368 156 219
10 35 441 154 324
10 36 0 0 217
10 36 33 163 603
10 36 157 153 278
10 36 195 163 141
10 36 240 161 113
10 36 281 162 151
10 36 317 159 144
10 36 357 162 166
10 36 392 162 126
10 37 0 0 206
10 37 53 157 558
10 37 125 167 112
10 37 172 156 187
10 37 221 165 153
10 37 262 167 167
10 37 311 169 138
10 37 348 159 165
10 37 387 160 284
10 37 484 165 253
10 38 0 0 269
10 38 18 144 336
10 38 82 163 465
10 38 176 154 360
10 38 254 162 296
10 38 342 168 441
10 38 404 168 93
10 38 447 164 142
10 38 488 157 154
10 39 0 0 230
10 39 16 155 212
10 39 68 167 89
10 39 115 160 121
10 39 161 157 287
10 39 228 169 112
10 39 275 156 143
10 39 309 163 137
10 39 335 160 407
10 39 413 161 190
10 40 0 0 217
10 40 47 194 286
10 40 79 166 123
10 40 130 158 182
10 40 169 165 84
10 40 202 158 319
10 40 283 159 328
10 40 378 173 186
10 40 421 159 310
10 40 471 168 139
10 41 0 0 239
10 41 19 150 232
10 41 71 161 123
10 41 104 153 146
10 41 157 166 186
10 41 206 162 116
10 41 234 158 331
10 41 311 156 441
10 41 407 179 235
10 41 452 163 162
10 42 0 0 275
10 42 31 177 344
10 42 157 159 192
10 42 140 160 145
10 42 206 157 267
10 42 289 170 517
10 42 397 173 422
10 43 0 0 182
10 43 45 166 183
10 43 44 159 180
10 43 97 162 75
10 43 152 150 393
10 43 239 164 218
10 43 279 163 153
10 43 340 185 460
10 43 431 151 517
10 44 0 0 253
10 44 32 149 452
10 44 101 152 140
10 44 146 157 308
10 44 234 161 173
10 44 284 162 278
10 44 359 163 362
10 44 442 168 246
10 45 0 0 197
10 45 10 143 208
10 45 78 166 263
10 45 140 166 131
10 45 189 161 411
10 45 289 150 613
10 45 379 181 292
10 45 476 166 275
10 46 0 0 240
10 46 3 147 421
10 46 86 158 338
10 46 160 163 225
10 46 217 161 194
10 46 256 168 188
10 46 295 163 130
10 46 352 161 240
10 46 412 160 119
10 46 445 164 206
10 47 0 0 171
10 47 36 165 283
10 47 77 164 195
10 47 138 166 177
10 47 194 161 395
10 47 297 168 179
10 47 322 159 256
10 47 396 150 143
10 47 445 159 126
10 47 475 160 120
10 48 0 0 288
10 48 47 168 314
10 48 72 158 129
10 48 108 162 117
10 48 159 162 221
10 48 219 179 287
10 48 292 155 374
10 48 360 154 294
10 48 426 158 160
10 48 469 161 173
